10000 1000
10428.0
7469.0
1770.0
6348.0
16530.0
16893.0
2827.0
18252.0
19347.0
10162.0
14710.0
18405.0
4294.0
15263.0
1226.0
884.0
2165.0
13960.0
19906.0
11358.0
4472.0
9935.0
19581.0
7398.0
4629.0
19462.0
5042.0
17896.0
7993.0
2466.0
12333.0
5709.0
19469.0
8468.0
3981.0
16870.0
14235.0
11202.0
2873.0
14504.0
10396.0
2853.0
14240.0
11140.0
9875.0
14084.0
15422.0
10674.0
4078.0
14896.0
10289.0
16384.0
12766.0
12904.0
11050.0
9078.0
1382.0
19257.0
13802.0
12778.0
7131.0
10075.0
3489.0
14554.0
13106.0
6961.0
12584.0
11690.0
11469.0
18248.0
19941.0
5475.0
3232.0
32.0
18385.0
8786.0
677.0
1500.0
12807.0
13750.0
18928.0
10340.0
16511.0
853.0
8436.0
1369.0
9621.0
10814.0
2112.0
485.0
9225.0
13107.0
8906.0
8284.0
3764.0
13477.0
14733.0
14467.0
12551.0
15580.0
3490.0
1807.0
5278.0
12166.0
2202.0
15546.0
7587.0
3298.0
1629.0
2031.0
15063.0
4841.0
19973.0
19889.0
15659.0
4557.0
10307.0
9052.0
17284.0
7583.0
17926.0
13961.0
10622.0
729.0
7968.0
6718.0
13214.0
4623.0
19633.0
11175.0
18884.0
12394.0
4599.0
5838.0
19720.0
10445.0
10172.0
16703.0
2180.0
1398.0
5413.0
6131.0
13636.0
12554.0
964.0
668.0
6065.0
9424.0
601.0
14216.0
17068.0
7015.0
5904.0
19705.0
5900.0
6599.0
19866.0
4802.0
6367.0
449.0
3956.0
12125.0
19051.0
4967.0
203.0
4813.0
11147.0
2015.0
16914.0
17812.0
15662.0
9846.0
18159.0
2334.0
4583.0
15384.0
153.0
4643.0
10455.0
19345.0
11296.0
7122.0
16572.0
15175.0
6271.0
16814.0
3240.0
8300.0
16030.0
8161.0
9194.0
16381.0
10272.0
9059.0
2457.0
3490.0
6943.0
3871.0
16552.0
8234.0
236.0
4548.0
2274.0
13592.0
4483.0
3305.0
7354.0
6105.0
8636.0
16823.0
14721.0
8616.0
18399.0
2983.0
12227.0
6658.0
1795.0
18218.0
11263.0
5579.0
11591.0
12334.0
1787.0
9780.0
5788.0
7606.0
17066.0
19053.0
3408.0
12384.0
102.0
8198.0
9508.0
18740.0
466.0
16040.0
4671.0
8723.0
9702.0
15154.0
15730.0
10968.0
18710.0
9315.0
5450.0
11105.0
5230.0
1645.0
14607.0
2135.0
887.0
1014.0
12262.0
11781.0
5437.0
10744.0
10082.0
17705.0
9606.0
11281.0
972.0
3749.0
15346.0
4247.0
5271.0
16919.0
9936.0
15895.0
9631.0
14.0
1037.0
7690.0
6981.0
13426.0
5423.0
13408.0
3804.0
6101.0
16243.0
12197.0
17252.0
4590.0
15315.0
110.0
10262.0
2147.0
4184.0
3062.0
4548.0
18180.0
7741.0
10398.0
1687.0
18796.0
17987.0
13920.0
8744.0
485.0
3833.0
5760.0
7367.0
19096.0
12239.0
16720.0
6369.0
11508.0
2459.0
7662.0
4608.0
5094.0
290.0
17830.0
10612.0
16691.0
9343.0
10428.0
17501.0
2868.0
501.0
17515.0
14077.0
14071.0
15461.0
15184.0
8285.0
10440.0
9363.0
17413.0
7615.0
9998.0
5836.0
18761.0
8871.0
2145.0
18763.0
5286.0
11248.0
9884.0
18841.0
12098.0
4241.0
11741.0
17054.0
5109.0
18311.0
1526.0
8613.0
11340.0
16831.0
9453.0
1117.0
700.0
15738.0
12299.0
13269.0
6154.0
15823.0
18395.0
427.0
6121.0
7449.0
13872.0
8146.0
12378.0
12998.0
19975.0
15927.0
16088.0
15119.0
12340.0
16658.0
5406.0
17602.0
17908.0
3019.0
11833.0
5133.0
17205.0
7205.0
5409.0
2749.0
19041.0
8305.0
7512.0
12417.0
8284.0
736.0
13850.0
6705.0
8016.0
9844.0
6360.0
1341.0
5364.0
14570.0
16298.0
11912.0
11839.0
11250.0
12409.0
18948.0
16828.0
2186.0
5816.0
16018.0
18330.0
3391.0
6408.0
17798.0
13815.0
17201.0
2785.0
269.0
14117.0
8985.0
18940.0
13585.0
12335.0
7669.0
12142.0
19896.0
18307.0
4882.0
13917.0
3338.0
16624.0
2035.0
2186.0
9566.0
13095.0
18018.0
18087.0
4221.0
7908.0
14141.0
11294.0
13991.0
8604.0
7507.0
5445.0
6614.0
8899.0
12269.0
1920.0
18326.0
10395.0
12757.0
5171.0
6799.0
17339.0
11010.0
14367.0
10405.0
19109.0
14503.0
10581.0
9971.0
10742.0
23.0
10915.0
16149.0
6843.0
7377.0
6107.0
2559.0
8813.0
8987.0
18467.0
16932.0
206.0
9565.0
4256.0
12913.0
3642.0
17801.0
4531.0
6636.0
16562.0
3418.0
12529.0
12025.0
801.0
13664.0
1184.0
9819.0
6910.0
13979.0
13586.0
735.0
17284.0
15403.0
17991.0
17468.0
7697.0
16984.0
17430.0
245.0
19078.0
2158.0
8493.0
14708.0
2201.0
6595.0
11799.0
6486.0
14382.0
2034.0
1274.0
3236.0
15756.0
2959.0
19660.0
13001.0
16404.0
13130.0
15201.0
8433.0
660.0
9857.0
12118.0
8598.0
19044.0
6976.0
11397.0
9689.0
6652.0
1601.0
13423.0
9425.0
10575.0
10799.0
19063.0
2088.0
16385.0
14488.0
6146.0
1547.0
8675.0
18221.0
15023.0
3437.0
12984.0
18128.0
15347.0
12596.0
17116.0
4883.0
537.0
14082.0
12947.0
1496.0
10665.0
10702.0
17443.0
18207.0
10393.0
12232.0
1177.0
16504.0
4263.0
16964.0
497.0
5667.0
4798.0
13638.0
7304.0
7412.0
14921.0
9322.0
14691.0
3974.0
4608.0
508.0
10076.0
15714.0
18952.0
5538.0
15714.0
13495.0
13452.0
4613.0
611.0
5808.0
14045.0
15619.0
12185.0
12928.0
13138.0
5507.0
6253.0
13744.0
12165.0
14382.0
11498.0
13213.0
11969.0
11556.0
12663.0
9973.0
17137.0
16741.0
11994.0
9024.0
10206.0
17858.0
6472.0
349.0
14884.0
5052.0
6231.0
7495.0
1117.0
8254.0
6379.0
1903.0
10466.0
7139.0
18785.0
14094.0
6931.0
4187.0
4722.0
16088.0
5247.0
19948.0
17489.0
2934.0
11486.0
3301.0
18892.0
16346.0
887.0
1515.0
7167.0
1798.0
11668.0
19032.0
12182.0
15169.0
6478.0
7544.0
7053.0
4234.0
14654.0
15189.0
15793.0
12596.0
19627.0
7396.0
11265.0
12643.0
12851.0
5995.0
8884.0
11972.0
3090.0
5588.0
650.0
14288.0
18665.0
17926.0
4010.0
6826.0
13111.0
14862.0
2127.0
6025.0
18215.0
19189.0
7692.0
7622.0
14747.0
15921.0
6322.0
18661.0
9274.0
18697.0
1996.0
2474.0
8492.0
5789.0
11759.0
15861.0
2403.0
9193.0
11879.0
7966.0
15254.0
13528.0
8979.0
14515.0
11045.0
17219.0
1648.0
8843.0
8926.0
13893.0
317.0
276.0
14204.0
2432.0
7745.0
2616.0
12400.0
1843.0
4726.0
11432.0
14852.0
13672.0
7579.0
11995.0
4898.0
1613.0
16984.0
17138.0
17521.0
15253.0
12831.0
8351.0
2374.0
17857.0
12186.0
2737.0
7517.0
8430.0
14067.0
15828.0
4190.0
11975.0
9945.0
10352.0
10444.0
18687.0
18334.0
2753.0
3899.0
15728.0
10864.0
16041.0
8003.0
15557.0
19719.0
7804.0
18889.0
8126.0
8046.0
9704.0
8850.0
16358.0
1732.0
5248.0
4200.0
1133.0
2071.0
11300.0
17814.0
7209.0
16174.0
1419.0
13907.0
12878.0
13737.0
4169.0
10264.0
12704.0
14396.0
16562.0
10022.0
5377.0
19583.0
3912.0
19887.0
7723.0
4430.0
4788.0
182.0
13730.0
15742.0
17405.0
11076.0
13533.0
8932.0
8892.0
18471.0
6020.0
3151.0
6977.0
4140.0
3219.0
5545.0
9487.0
2135.0
7509.0
17265.0
2453.0
16358.0
13488.0
17540.0
1130.0
6206.0
645.0
15605.0
17855.0
1045.0
17741.0
102.0
18981.0
167.0
6418.0
17045.0
5874.0
7551.0
13569.0
4686.0
18676.0
3304.0
18026.0
17547.0
13006.0
13192.0
12122.0
1791.0
10746.0
4979.0
15197.0
8056.0
12569.0
4121.0
13199.0
16019.0
6585.0
13308.0
13037.0
13525.0
7099.0
11522.0
13294.0
19168.0
7548.0
9486.0
339.0
6391.0
15164.0
6539.0
5715.0
18503.0
16588.0
11163.0
10128.0
14446.0
4373.0
4049.0
5578.0
12040.0
15595.0
16046.0
10167.0
4364.0
3545.0
341.0
5782.0
10421.0
8895.0
4866.0
10455.0
15299.0
10527.0
1496.0
17919.0
6851.0
12402.0
5447.0
15881.0
16275.0
11339.0
8500.0
14400.0
16334.0
16588.0
739.0
10829.0
3104.0
2109.0
16149.0
2580.0
14433.0
3355.0
1275.0
17317.0
13541.0
766.0
7319.0
955.0
19104.0
6671.0
17305.0
7639.0
19960.0
5957.0
3270.0
19028.0
3474.0
16105.0
17480.0
14683.0
5707.0
15141.0
10772.0
7501.0
8514.0
9793.0
19228.0
12550.0
12333.0
16965.0
18254.0
18914.0
7012.0
1733.0
7824.0
1697.0
11774.0
2510.0
397.0
16715.0
17892.0
8688.0
1497.0
4813.0
6599.0
10347.0
18098.0
14537.0
16137.0
6553.0
7479.0
8814.0
276.0
7017.0
2315.0
5589.0
12834.0
13340.0
14726.0
15643.0
13721.0
8105.0
4028.0
3231.0
4111.0
18334.0
4804.0
13480.0
10692.0
4685.0
2652.0
8470.0
12236.0
2187.0
3668.0
632.0
13800.0
14017.0
17661.0
3942.0
4048.0
18955.0
9556.0
7209.0
13411.0
15562.0
13536.0
14928.0
9518.0
11534.0
9537.0
9469.0
6307.0
2884.0
15316.0
4740.0
3680.0
3278.0
6794.0
12933.0
19343.0
14840.0
13966.0
6754.0
12735.0
18532.0
7919.0
10853.0
370.0
1283.0
5385.0
10512.0
8898.0
16918.0
16650.0
11002.0
4051.0
12811.0
1078.0
9788.0
1255.0
19871.0
16555.0
1812.0
11411.0
1643.0
12936.0
6735.0
5227.0
9507.0
15502.0
18798.0
13433.0
2125.0
11173.0
17735.0
4585.0
11392.0
2931.0
5839.0
17950.0
10554.0
4489.0
5771.0
16010.0
12401.0
16811.0
5117.0
4216.0
10953.0
101.0
18919.0
19393.0
10667.0
15031.0
986.0
15413.0
5899.0
15489.0
16090.0
13965.0
2791.0
17844.0
5295.0
19994.0
14863.0
10232.0
11302.0
16274.0
19616.0
16558.0
18061.0
17975.0
3379.0
19392.0
17858.0
14993.0
18915.0
18412.0
8652.0
15764.0
17929.0
15681.0
11882.0
15955.0
13379.0
16927.0
5966.0
9827.0
10879.0
7855.0
19664.0
10651.0
9963.0
19817.0
17864.0
12013.0
4454.0
1644.0
12696.0
2234.0
18546.0
2678.0
8126.0
17399.0
663.0
19620.0
1888.0
414.0
9913.0
4039.0
13498.0
4829.0
3640.0
11997.0
17517.0
19071.0
11322.0
12630.0
3685.0
17582.0
14685.0
9776.0
8607.0
3995.0
14808.0
9174.0
4009.0
7491.0
9764.0
9071.0
9847.0
5157.0
10466.0
14085.0
9374.0
18830.0
15071.0
8895.0
3133.0
11884.0
18592.0
11585.0
12472.0
5429.0
3820.0
9927.0
2456.0
12635.0
18237.0
15465.0
6111.0
7260.0
18886.0
9333.0
15748.0
6391.0
1454.0
6671.0
15182.0
11506.0
4890.0
9015.0
13481.0
13945.0
5994.0
16525.0
10519.0
13882.0
19942.0
9193.0
12812.0
4210.0
2534.0
1498.0
899.0
10423.0
19861.0
16578.0
13586.0
7658.0
4878.0
15659.0
2885.0
7089.0
4860.0
15830.0
1732.0
14934.0
2681.0
7263.0
15902.0
12000.0
15170.0
5594.0
18726.0
11988.0
11344.0
3706.0
13999.0
17165.0
17993.0
12518.0
7904.0
8921.0
3710.0
1921.0
7432.0
12066.0
12176.0
2852.0
12585.0
13521.0
771.0
13099.0
19044.0
13647.0
728.0
14923.0
11958.0
2564.0
9438.0
15573.0
13572.0
15552.0
5591.0
5857.0
18490.0
1185.0
10490.0
11341.0
624.0
1569.0
10656.0
4365.0
6980.0
10901.0
13516.0
2021.0
643.0
17717.0
15435.0
16435.0
14779.0
3961.0
3679.0
9332.0
8968.0
3802.0
3775.0
12232.0
994.0
7236.0
15919.0
16327.0
9639.0
5567.0
2245.0
15778.0
16880.0
3433.0
17994.0
2424.0
8187.0
13184.0
16827.0
19739.0
1000.0
1864.0
15711.0
17448.0
9334.0
17263.0
11685.0
19986.0
8520.0
609.0
17067.0
3770.0
4687.0
6230.0
2455.0
10631.0
12233.0
9263.0
16374.0
12343.0
3020.0
12971.0
12179.0
18134.0
5324.0
2864.0
13151.0
16751.0
3977.0
17624.0
6112.0
4486.0
3643.0
12540.0
2917.0
11959.0
16115.0
15773.0
11857.0
17239.0
9154.0
7078.0
17461.0
1024.0
13661.0
19273.0
15257.0
2881.0
47.0
1981.0
16214.0
6662.0
6970.0
16206.0
18872.0
12288.0
13943.0
7068.0
10137.0
11839.0
17435.0
10413.0
14252.0
2259.0
12392.0
10367.0
17019.0
12534.0
10336.0
10726.0
536.0
19484.0
15674.0
12907.0
10007.0
11070.0
12767.0
2895.0
7495.0
14478.0
14611.0
19046.0
7203.0
18682.0
76.0
12337.0
18788.0
5367.0
9741.0
7328.0
15348.0
13562.0
18275.0
19008.0
8282.0
3794.0
16010.0
7992.0
11398.0
11449.0
173.0
1178.0
8397.0
2522.0
15210.0
4537.0
6653.0
8167.0
2495.0
18786.0
9628.0
10839.0
3134.0
9649.0
15355.0
13517.0
5487.0
12960.0
17798.0
3224.0
12224.0
8604.0
7878.0
8656.0
6582.0
13691.0
6046.0
8080.0
7118.0
7356.0
12267.0
18969.0
7821.0
4662.0
19851.0
16314.0
5675.0
2963.0
8016.0
16385.0
4068.0
8663.0
5131.0
1326.0
11885.0
17249.0
4957.0
4888.0
8175.0
15569.0
10188.0
18407.0
18838.0
13391.0
14785.0
15610.0
8380.0
4546.0
10052.0
7877.0
11023.0
13839.0
1676.0
14907.0
8956.0
7531.0
15728.0
19449.0
16197.0
249.0
7898.0
5495.0
10779.0
17871.0
9097.0
11404.0
19573.0
3171.0
11077.0
19419.0
4180.0
745.0
17098.0
12761.0
4420.0
4236.0
9013.0
10376.0
11644.0
19779.0
8448.0
7918.0
241.0
6756.0
4649.0
2613.0
16749.0
3129.0
7270.0
7516.0
5758.0
16426.0
14113.0
11626.0
14567.0
8249.0
10544.0
5545.0
5358.0
15736.0
5043.0
9794.0
3602.0
2770.0
13103.0
1608.0
3394.0
10238.0
19696.0
13964.0
4850.0
15559.0
19064.0
4379.0
10035.0
4067.0
17742.0
9790.0
18162.0
15155.0
4567.0
14750.0
983.0
14522.0
6983.0
13942.0
1883.0
4017.0
6433.0
8982.0
17601.0
18961.0
5227.0
2757.0
17591.0
10104.0
19534.0
8066.0
16449.0
2910.0
16388.0
19212.0
16510.0
11207.0
16553.0
4708.0
15520.0
17279.0
2474.0
9908.0
2013.0
5648.0
12197.0
16106.0
1314.0
2991.0
16335.0
18755.0
17240.0
13745.0
7045.0
7065.0
4999.0
12540.0
803.0
5274.0
6370.0
2929.0
13994.0
2377.0
7067.0
13720.0
19685.0
2359.0
1071.0
5958.0
1945.0
6654.0
16848.0
4183.0
3300.0
6545.0
3421.0
5716.0
2256.0
16023.0
17677.0
16914.0
4503.0
16754.0
39.0
3874.0
3504.0
14682.0
13272.0
15793.0
14200.0
7447.0
4687.0
6867.0
11423.0
18246.0
16122.0
15729.0
6465.0
10096.0
11152.0
12894.0
15850.0
7883.0
17665.0
9242.0
1386.0
19609.0
14249.0
486.0
18814.0
19754.0
2592.0
119.0
14050.0
5772.0
14337.0
9476.0
7728.0
14017.0
17233.0
19128.0
16088.0
14430.0
9362.0
17176.0
11818.0
14646.0
9836.0
264.0
5337.0
13054.0
13871.0
17265.0
6213.0
9791.0
6687.0
9899.0
2273.0
2665.0
5122.0
17339.0
16036.0
5235.0
12973.0
10573.0
17667.0
12325.0
14657.0
7023.0
8461.0
4761.0
3227.0
15119.0
6268.0
1040.0
12037.0
18447.0
7879.0
13229.0
15383.0
9972.0
19919.0
166.0
16512.0
10111.0
17471.0
6816.0
14275.0
17269.0
594.0
9527.0
10555.0
12211.0
3798.0
15573.0
11278.0
5278.0
5853.0
3424.0
685.0
15271.0
12420.0
18048.0
86.0
13089.0
10.0
17812.0
2927.0
13393.0
2494.0
10933.0
4076.0
11447.0
854.0
3465.0
17110.0
13835.0
3721.0
2468.0
13878.0
18764.0
15187.0
12705.0
6809.0
11631.0
3938.0
9057.0
13460.0
6170.0
18991.0
6503.0
18819.0
14102.0
4207.0
6017.0
487.0
7305.0
18001.0
4919.0
15027.0
7260.0
6902.0
1320.0
9965.0
434.0
19436.0
10104.0
12529.0
14192.0
2333.0
2637.0
15768.0
16916.0
18996.0
14469.0
2796.0
3231.0
14324.0
14849.0
17996.0
6709.0
19194.0
1475.0
4562.0
11423.0
2020.0
9164.0
14832.0
19918.0
1319.0
7296.0
5789.0
554.0
10277.0
1855.0
17498.0
10085.0
2187.0
14147.0
9898.0
18101.0
902.0
11341.0
2530.0
12142.0
4840.0
6306.0
7792.0
1998.0
5657.0
5308.0
1384.0
7099.0
11378.0
17681.0
9517.0
9846.0
1171.0
325.0
15879.0
17175.0
1767.0
8173.0
19498.0
5256.0
15065.0
3171.0
5034.0
16787.0
13381.0
6091.0
13029.0
2772.0
8442.0
9126.0
268.0
11899.0
4796.0
11614.0
480.0
10352.0
1475.0
13404.0
7652.0
8367.0
8239.0
12550.0
12056.0
8573.0
7226.0
2018.0
1428.0
3197.0
1223.0
879.0
16928.0
16363.0
7525.0
2517.0
7036.0
4802.0
5312.0
18027.0
11799.0
17253.0
15204.0
18652.0
2586.0
6379.0
1255.0
9228.0
19742.0
17519.0
19280.0
14227.0
10725.0
4365.0
12665.0
10545.0
944.0
19311.0
11983.0
19897.0
8633.0
6176.0
5944.0
7648.0
13067.0
10999.0
14534.0
7030.0
13400.0
5878.0
5399.0
15894.0
6016.0
16181.0
13640.0
4451.0
10059.0
3672.0
5083.0
220.0
16302.0
15790.0
13370.0
9120.0
13416.0
19352.0
4816.0
10849.0
1502.0
1220.0
11933.0
4360.0
14913.0
11411.0
11985.0
10280.0
13605.0
2355.0
5156.0
3510.0
5378.0
12110.0
12840.0
526.0
3268.0
11316.0
4622.0
18724.0
6497.0
16699.0
12209.0
4891.0
5786.0
8674.0
17387.0
16454.0
19743.0
16760.0
6329.0
6291.0
5172.0
11452.0
5349.0
14079.0
5595.0
12717.0
5670.0
3525.0
15680.0
19226.0
258.0
10394.0
15047.0
19924.0
8386.0
2220.0
9037.0
11357.0
15501.0
16758.0
7061.0
13919.0
11605.0
18941.0
16966.0
15014.0
12972.0
148.0
12657.0
11385.0
14752.0
5100.0
7799.0
678.0
4949.0
19341.0
17488.0
635.0
6070.0
16334.0
8261.0
2275.0
18484.0
2011.0
7063.0
7905.0
16440.0
16054.0
14906.0
6065.0
14529.0
2559.0
12060.0
12304.0
479.0
17468.0
18735.0
16206.0
13013.0
11019.0
17921.0
13595.0
9761.0
6717.0
9582.0
10941.0
13798.0
13285.0
16288.0
3453.0
11257.0
3506.0
11971.0
9066.0
19644.0
16254.0
13747.0
987.0
5147.0
17434.0
5512.0
5268.0
8291.0
330.0
2452.0
10816.0
13487.0
2466.0
8264.0
14819.0
11608.0
11791.0
3785.0
7625.0
8647.0
10404.0
4507.0
2831.0
5671.0
16145.0
2176.0
14360.0
7451.0
16794.0
1129.0
16319.0
10812.0
5373.0
6205.0
17160.0
281.0
2008.0
15778.0
2097.0
14370.0
5115.0
7904.0
12722.0
11659.0
8028.0
1914.0
16774.0
5825.0
13258.0
8455.0
9754.0
2829.0
9163.0
13422.0
3526.0
9933.0
19176.0
16012.0
10043.0
7037.0
5557.0
18561.0
169.0
10031.0
11109.0
11323.0
15455.0
11326.0
5643.0
3546.0
9149.0
2134.0
15063.0
191.0
4391.0
3392.0
3272.0
18348.0
13811.0
7943.0
14419.0
10110.0
4537.0
3431.0
9734.0
15967.0
16502.0
12097.0
16960.0
2779.0
9797.0
10376.0
3935.0
3181.0
15481.0
12789.0
11204.0
3026.0
7806.0
11428.0
16744.0
11787.0
5151.0
9230.0
446.0
8637.0
445.0
7133.0
17146.0
10396.0
6731.0
6472.0
14091.0
19914.0
9055.0
2300.0
120.0
8975.0
663.0
12209.0
15737.0
18495.0
19283.0
1610.0
370.0
15222.0
12142.0
5023.0
16707.0
18993.0
10119.0
3964.0
12768.0
556.0
16434.0
5774.0
13077.0
12753.0
10143.0
128.0
18497.0
4502.0
8426.0
18209.0
2471.0
18777.0
1074.0
4851.0
339.0
5570.0
4348.0
4108.0
10045.0
12934.0
13936.0
9687.0
4980.0
412.0
3527.0
10420.0
17175.0
435.0
8908.0
11747.0
4487.0
16262.0
424.0
14308.0
11256.0
14490.0
6207.0
936.0
18491.0
13051.0
16451.0
5197.0
2987.0
7792.0
17106.0
10667.0
8555.0
17356.0
5977.0
15367.0
10526.0
13566.0
10022.0
8502.0
10208.0
665.0
9650.0
11928.0
15355.0
8742.0
2274.0
12666.0
9838.0
19306.0
19093.0
17629.0
121.0
18098.0
17903.0
5194.0
9745.0
16631.0
18150.0
4942.0
16646.0
18544.0
8808.0
12414.0
12488.0
9456.0
11936.0
309.0
8441.0
7776.0
1944.0
3138.0
19382.0
4910.0
597.0
13071.0
10250.0
5925.0
11861.0
12963.0
14317.0
7124.0
14462.0
9290.0
18786.0
347.0
2810.0
5825.0
7365.0
3745.0
11383.0
14997.0
9893.0
5763.0
15822.0
7499.0
5680.0
712.0
6569.0
1978.0
8591.0
6291.0
4901.0
4510.0
3148.0
481.0
1423.0
4402.0
2625.0
12843.0
18574.0
13376.0
16498.0
12175.0
10885.0
15854.0
14702.0
1337.0
4618.0
13917.0
13804.0
18664.0
9446.0
18844.0
4041.0
2578.0
7212.0
18672.0
17920.0
4578.0
17384.0
10636.0
7715.0
6076.0
5360.0
11923.0
10307.0
7158.0
11403.0
2024.0
13155.0
9096.0
3766.0
11256.0
17800.0
2614.0
18397.0
9963.0
11333.0
16425.0
4445.0
17766.0
8682.0
17287.0
3661.0
13816.0
15895.0
16579.0
6057.0
15546.0
13327.0
14767.0
16258.0
19319.0
9487.0
981.0
19548.0
17525.0
15627.0
3636.0
12925.0
1146.0
6312.0
4929.0
13208.0
18678.0
19158.0
2301.0
5799.0
8986.0
4660.0
7297.0
12301.0
6780.0
8622.0
10674.0
11541.0
9125.0
18370.0
19814.0
9092.0
9184.0
12637.0
18176.0
7765.0
2029.0
9982.0
16078.0
2722.0
16121.0
1943.0
8887.0
16566.0
3850.0
7116.0
13135.0
11628.0
5524.0
5268.0
2200.0
239.0
2275.0
17160.0
2200.0
5710.0
3179.0
14257.0
772.0
8010.0
13672.0
8845.0
9940.0
11176.0
6140.0
8986.0
1875.0
13976.0
14311.0
12018.0
15644.0
1505.0
18574.0
15075.0
5389.0
8125.0
6328.0
9081.0
8178.0
218.0
16711.0
7210.0
10170.0
8944.0
111.0
7085.0
9503.0
8525.0
4984.0
17037.0
356.0
17728.0
1453.0
12901.0
19507.0
2496.0
18533.0
19122.0
11737.0
14189.0
4814.0
8434.0
14568.0
19821.0
18706.0
15264.0
13659.0
4420.0
10089.0
571.0
18103.0
18313.0
5527.0
12139.0
1156.0
9362.0
10636.0
19283.0
494.0
13997.0
11299.0
11532.0
3307.0
7397.0
534.0
10231.0
8531.0
4108.0
2703.0
4000.0
1480.0
18408.0
3866.0
2366.0
19051.0
5945.0
7584.0
13986.0
8525.0
16354.0
14139.0
13255.0
5101.0
3007.0
12471.0
6408.0
6014.0
10357.0
11980.0
2627.0
696.0
12983.0
13197.0
10909.0
15795.0
13843.0
12962.0
7269.0
14250.0
3898.0
16837.0
15123.0
15250.0
18762.0
836.0
9721.0
5352.0
15115.0
9828.0
4426.0
2516.0
15474.0
15711.0
2798.0
5142.0
10516.0
12987.0
19782.0
8062.0
13862.0
13433.0
10921.0
14412.0
3285.0
6852.0
4103.0
19429.0
469.0
15821.0
4035.0
6259.0
3546.0
10685.0
14457.0
11754.0
10295.0
7554.0
19413.0
5839.0
12150.0
3075.0
16648.0
1975.0
15723.0
16832.0
9913.0
1352.0
5258.0
16783.0
279.0
10624.0
19195.0
16228.0
18141.0
14683.0
1446.0
19741.0
12461.0
14543.0
10063.0
4248.0
1707.0
4125.0
5275.0
3161.0
4870.0
1242.0
9568.0
7232.0
10206.0
5737.0
3728.0
2332.0
18713.0
17122.0
3596.0
18371.0
4676.0
16471.0
11875.0
17972.0
17088.0
17247.0
12183.0
598.0
12350.0
9276.0
19625.0
868.0
5165.0
2482.0
16940.0
17459.0
8579.0
7129.0
14408.0
2189.0
7559.0
14523.0
13948.0
17770.0
9630.0
14101.0
4639.0
72.0
7110.0
7444.0
2666.0
607.0
15548.0
9491.0
563.0
12952.0
13592.0
4611.0
15868.0
3896.0
6590.0
19410.0
9472.0
13637.0
4521.0
9626.0
11090.0
8313.0
13923.0
11977.0
7734.0
6295.0
19894.0
18342.0
3123.0
7917.0
3185.0
4940.0
15363.0
1252.0
17082.0
16506.0
10028.0
12267.0
8988.0
15790.0
7118.0
14235.0
12983.0
18760.0
3353.0
2748.0
4852.0
3564.0
6656.0
16641.0
9937.0
3266.0
2681.0
3053.0
11403.0
4811.0
16908.0
19726.0
17056.0
15196.0
5746.0
14657.0
466.0
4474.0
4918.0
6262.0
11937.0
10220.0
1776.0
2941.0
5430.0
13478.0
8076.0
3388.0
15101.0
16437.0
679.0
18051.0
17463.0
80.0
15544.0
3769.0
7592.0
3739.0
10655.0
2465.0
16045.0
18733.0
6037.0
10397.0
2531.0
12289.0
13098.0
10971.0
13024.0
2036.0
5068.0
17706.0
14757.0
4737.0
10824.0
2257.0
15726.0
16972.0
4589.0
17826.0
16471.0
16387.0
9534.0
13195.0
1332.0
11478.0
10846.0
1945.0
14793.0
1398.0
9020.0
8897.0
1257.0
8774.0
6734.0
18043.0
8450.0
486.0
14901.0
17577.0
10240.0
12928.0
17932.0
16063.0
383.0
12581.0
9272.0
13278.0
2897.0
10015.0
10546.0
4030.0
13320.0
8510.0
16975.0
19370.0
9676.0
5813.0
5803.0
9561.0
1690.0
3577.0
19492.0
18060.0
15543.0
13650.0
15475.0
16653.0
7977.0
18303.0
11083.0
8934.0
12630.0
4551.0
17069.0
6682.0
703.0
7763.0
15377.0
2630.0
3080.0
5730.0
11415.0
2617.0
9060.0
15800.0
7686.0
12883.0
6397.0
1555.0
16071.0
11210.0
19742.0
12306.0
12398.0
8692.0
4133.0
4077.0
15965.0
11783.0
9500.0
16236.0
15542.0
15036.0
2971.0
19862.0
8934.0
19773.0
16868.0
13325.0
18545.0
2417.0
16969.0
14436.0
15729.0
8308.0
5387.0
7863.0
9082.0
11732.0
12224.0
12034.0
6066.0
5675.0
18146.0
18980.0
2129.0
3150.0
13962.0
2212.0
14716.0
2137.0
15460.0
13904.0
15738.0
5269.0
5608.0
8379.0
13247.0
6129.0
15934.0
1596.0
2993.0
12333.0
15326.0
5487.0
18650.0
11153.0
2784.0
14306.0
16713.0
4620.0
3142.0
13728.0
12618.0
15756.0
8901.0
14284.0
3829.0
2511.0
14039.0
432.0
2021.0
13100.0
18623.0
17144.0
12213.0
13855.0
5375.0
4301.0
7064.0
19182.0
9766.0
10184.0
6337.0
6973.0
14641.0
5100.0
4408.0
10847.0
17453.0
4959.0
19304.0
17436.0
5466.0
6977.0
8646.0
9248.0
2485.0
8327.0
6689.0
10408.0
509.0
3487.0
12101.0
15729.0
714.0
4880.0
12152.0
9106.0
10190.0
2707.0
9350.0
17094.0
1198.0
16276.0
5165.0
10781.0
7082.0
17700.0
18070.0
5981.0
5595.0
10464.0
13428.0
15007.0
12943.0
19528.0
18686.0
13580.0
16554.0
3876.0
6564.0
4033.0
271.0
316.0
15995.0
19469.0
4565.0
11895.0
13034.0
4276.0
6880.0
6086.0
8107.0
5919.0
4668.0
18618.0
933.0
9210.0
1183.0
882.0
3019.0
2087.0
19825.0
13079.0
16894.0
10083.0
8119.0
8876.0
13713.0
7524.0
12572.0
4298.0
9885.0
13043.0
6205.0
10519.0
5362.0
12334.0
11994.0
7624.0
11064.0
677.0
2901.0
3557.0
11271.0
3950.0
506.0
4731.0
10058.0
17264.0
13751.0
7282.0
19549.0
7599.0
11275.0
13866.0
19034.0
13906.0
8696.0
16953.0
16454.0
13080.0
2641.0
9676.0
6940.0
17395.0
12765.0
5469.0
16864.0
6012.0
9439.0
4001.0
13306.0
1850.0
4494.0
17148.0
12616.0
4973.0
8610.0
7804.0
9535.0
14682.0
13427.0
16890.0
8111.0
17248.0
5793.0
2551.0
17527.0
610.0
1429.0
4977.0
17273.0
11312.0
9180.0
7914.0
16628.0
15964.0
11554.0
18446.0
13200.0
18729.0
7716.0
3340.0
11420.0
11281.0
6391.0
16006.0
15875.0
13091.0
3563.0
18327.0
4466.0
4771.0
512.0
1768.0
12407.0
14378.0
8015.0
10706.0
9415.0
8477.0
19047.0
2966.0
3382.0
964.0
8663.0
17038.0
19790.0
13773.0
15750.0
6468.0
11994.0
4079.0
670.0
1442.0
17910.0
2728.0
769.0
13586.0
19350.0
10532.0
19820.0
10791.0
16034.0
16027.0
4287.0
5641.0
13655.0
736.0
2615.0
3838.0
11255.0
13409.0
17487.0
19477.0
1300.0
10885.0
3157.0
11601.0
15370.0
15778.0
10973.0
12266.0
11460.0
18559.0
13135.0
5047.0
2057.0
5988.0
14370.0
15765.0
17998.0
4968.0
12907.0
17297.0
1382.0
849.0
4083.0
17876.0
18241.0
12979.0
2011.0
10768.0
15687.0
19571.0
7672.0
16269.0
7194.0
12323.0
6034.0
12754.0
16310.0
671.0
4095.0
189.0
14468.0
8844.0
8534.0
2076.0
10689.0
9944.0
11071.0
15780.0
2415.0
12923.0
11770.0
17545.0
830.0
9665.0
17670.0
10433.0
3268.0
2267.0
3530.0
18477.0
14494.0
12865.0
9652.0
3395.0
10434.0
3432.0
7279.0
19868.0
6407.0
10987.0
2810.0
4125.0
12256.0
5643.0
9984.0
7192.0
4092.0
1598.0
425.0
15732.0
7869.0
14781.0
2224.0
10216.0
7630.0
8914.0
11141.0
6951.0
19114.0
4608.0
14809.0
9084.0
4777.0
3229.0
17205.0
17864.0
17452.0
14684.0
10183.0
5890.0
17069.0
14866.0
12501.0
8726.0
2072.0
10970.0
13697.0
5546.0
12271.0
4922.0
8690.0
6564.0
915.0
6937.0
4541.0
13229.0
13371.0
7347.0
4889.0
3439.0
13166.0
4750.0
249.0
16165.0
8852.0
18224.0
15784.0
19659.0
3913.0
4097.0
16547.0
10601.0
2869.0
16993.0
7194.0
7127.0
18602.0
12718.0
14974.0
18991.0
9518.0
14947.0
8090.0
5353.0
11869.0
15649.0
14290.0
10468.0
3797.0
4043.0
17822.0
18257.0
1328.0
1815.0
13872.0
12514.0
16236.0
5788.0
19923.0
5238.0
19647.0
18890.0
18339.0
556.0
3174.0
9024.0
19398.0
14256.0
14199.0
835.0
14361.0
19199.0
1076.0
694.0
12956.0
14362.0
260.0
4102.0
11214.0
11248.0
12817.0
11256.0
12563.0
17193.0
9166.0
6339.0
12390.0
13801.0
2778.0
17480.0
15072.0
12289.0
18103.0
14113.0
1824.0
1637.0
13484.0
16753.0
3258.0
3550.0
14722.0
8234.0
19276.0
6302.0
1084.0
99.0
13299.0
17322.0
5846.0
2046.0
15150.0
3607.0
5592.0
13641.0
15705.0
3466.0
6110.0
11357.0
6466.0
8520.0
828.0
10948.0
3689.0
18226.0
11137.0
15682.0
5630.0
4513.0
8076.0
18140.0
13455.0
6861.0
12241.0
17489.0
2325.0
14781.0
16477.0
15994.0
13734.0
4957.0
7068.0
6163.0
4717.0
14936.0
7650.0
12985.0
5306.0
4107.0
1255.0
15547.0
987.0
3865.0
837.0
3675.0
19999.0
9837.0
7651.0
13601.0
7759.0
1999.0
12591.0
17599.0
12889.0
16177.0
1621.0
8755.0
11479.0
10073.0
17295.0
1672.0
2900.0
18689.0
11354.0
2417.0
5817.0
8052.0
11155.0
10934.0
10849.0
18989.0
1816.0
992.0
14665.0
8770.0
7489.0
11629.0
4027.0
8967.0
17817.0
16513.0
9169.0
17613.0
1212.0
19463.0
19942.0
12932.0
9687.0
1217.0
6540.0
19094.0
16500.0
5578.0
19274.0
15467.0
15790.0
16729.0
11956.0
18761.0
11395.0
14260.0
15776.0
1249.0
17376.0
12462.0
10695.0
2058.0
19119.0
10722.0
18757.0
17074.0
13523.0
16262.0
15339.0
17997.0
16529.0
11750.0
19206.0
13438.0
10887.0
1020.0
10300.0
10663.0
12612.0
15849.0
7548.0
14036.0
4577.0
19389.0
1810.0
5220.0
14785.0
10686.0
19364.0
15753.0
13993.0
6803.0
11213.0
12172.0
16529.0
14561.0
11584.0
19922.0
6674.0
2134.0
6827.0
5334.0
3532.0
11.0
10194.0
18884.0
777.0
946.0
15755.0
8448.0
4005.0
4522.0
14673.0
15209.0
4743.0
18468.0
17760.0
19241.0
14382.0
1533.0
2848.0
15171.0
17594.0
3601.0
5793.0
16213.0
18807.0
1286.0
13576.0
10143.0
5346.0
11243.0
12534.0
7839.0
11625.0
19664.0
16996.0
3136.0
19887.0
297.0
6231.0
1048.0
5415.0
10246.0
18314.0
10239.0
927.0
3661.0
7469.0
14567.0
10750.0
12788.0
158.0
3117.0
8753.0
6875.0
16409.0
205.0
11602.0
4745.0
14718.0
13050.0
1456.0
13412.0
13123.0
668.0
5169.0
14538.0
16275.0
19486.0
14764.0
11507.0
13340.0
7399.0
13633.0
19380.0
19462.0
6316.0
13478.0
9567.0
2444.0
8116.0
12559.0
3428.0
221.0
19825.0
17194.0
3857.0
49.0
9898.0
5542.0
4191.0
16664.0
16365.0
7674.0
9123.0
6699.0
11812.0
16782.0
2722.0
13791.0
18434.0
6138.0
5362.0
11240.0
9348.0
15702.0
1315.0
1454.0
2376.0
12026.0
2287.0
1954.0
19902.0
19772.0
3803.0
19061.0
10522.0
13485.0
3548.0
732.0
14196.0
18763.0
6139.0
3788.0
566.0
17584.0
8246.0
2294.0
10000.0
19769.0
12950.0
7108.0
7886.0
8101.0
8534.0
1458.0
4195.0
18668.0
630.0
16174.0
15367.0
9837.0
14919.0
8952.0
15081.0
11742.0
18221.0
15334.0
13975.0
8011.0
13710.0
4225.0
8372.0
2548.0
17742.0
10643.0
13553.0
18406.0
11692.0
16907.0
6534.0
1757.0
10580.0
7056.0
7918.0
1502.0
17839.0
12861.0
1630.0
13166.0
12105.0
1064.0
1562.0
15658.0
14722.0
13751.0
14571.0
8997.0
13003.0
5580.0
11917.0
18071.0
16586.0
9286.0
10610.0
17595.0
7176.0
8882.0
3888.0
468.0
18348.0
15845.0
18607.0
46.0
12340.0
2112.0
5462.0
18593.0
10891.0
18735.0
1280.0
18156.0
15968.0
15279.0
17990.0
13928.0
2906.0
17374.0
13012.0
3741.0
298.0
11899.0
9445.0
9987.0
5140.0
19309.0
4314.0
18121.0
2453.0
12012.0
17366.0
1391.0
12052.0
2846.0
9120.0
1041.0
11333.0
13562.0
1632.0
3256.0
1421.0
11244.0
12413.0
5400.0
6982.0
12749.0
3704.0
536.0
15287.0
5590.0
6007.0
2726.0
17899.0
14201.0
5308.0
6923.0
16452.0
16772.0
10277.0
9497.0
14364.0
8878.0
7667.0
3628.0
6733.0
12309.0
15210.0
8440.0
12781.0
12065.0
6776.0
3514.0
18900.0
2660.0
13186.0
1280.0
14142.0
460.0
499.0
16052.0
6448.0
17047.0
15239.0
14490.0
16321.0
19204.0
19471.0
10318.0
11725.0
14676.0
11903.0
1640.0
13853.0
133.0
7358.0
14953.0
7911.0
16102.0
17172.0
15959.0
16031.0
14665.0
12114.0
4953.0
5347.0
16725.0
12139.0
7171.0
15781.0
10384.0
1650.0
4210.0
10781.0
12178.0
3074.0
16624.0
17119.0
10072.0
9873.0
3414.0
18469.0
4002.0
10779.0
17591.0
4879.0
2984.0
19882.0
11306.0
16901.0
6350.0
8016.0
4398.0
5401.0
16966.0
14428.0
13462.0
19652.0
16619.0
2834.0
12851.0
15477.0
12052.0
18455.0
13377.0
13264.0
111.0
14322.0
16915.0
6724.0
18362.0
6586.0
3378.0
10161.0
3311.0
10977.0
19030.0
18661.0
923.0
1824.0
12212.0
507.0
2657.0
1281.0
15266.0
10034.0
6801.0
17748.0
253.0
15195.0
5634.0
4711.0
11376.0
10578.0
11382.0
14509.0
3437.0
16088.0
4417.0
18655.0
12014.0
9814.0
5192.0
15044.0
15198.0
14691.0
9090.0
1953.0
11425.0
10798.0
19100.0
7852.0
8848.0
9031.0
18971.0
17603.0
18680.0
7960.0
3768.0
18699.0
2317.0
9445.0
18206.0
13061.0
3659.0
19023.0
7875.0
19288.0
5612.0
5777.0
312.0
9674.0
16704.0
7224.0
10481.0
7596.0
18312.0
6214.0
10303.0
1998.0
962.0
18950.0
6575.0
998.0
14223.0
9476.0
4392.0
2048.0
16040.0
16539.0
2117.0
19434.0
4704.0
374.0
5458.0
16742.0
14552.0
8389.0
7967.0
16792.0
5934.0
16437.0
12125.0
13726.0
15233.0
13783.0
8292.0
150.0
3321.0
601.0
13689.0
3979.0
2766.0
15695.0
11041.0
8214.0
52.0
5382.0
17574.0
2869.0
19455.0
17535.0
17886.0
12537.0
6703.0
15607.0
12474.0
16557.0
16429.0
10516.0
8635.0
17174.0
7685.0
11181.0
9826.0
18280.0
1370.0
2948.0
16181.0
15696.0
5363.0
19905.0
17156.0
12504.0
4206.0
8983.0
17292.0
14372.0
18294.0
3010.0
12798.0
14741.0
8285.0
13393.0
4771.0
6134.0
5094.0
3392.0
597.0
5375.0
17777.0
17597.0
17925.0
9983.0
6230.0
2391.0
16377.0
7201.0
3539.0
14944.0
7002.0
3781.0
12360.0
8475.0
14169.0
15675.0
544.0
8390.0
11504.0
12847.0
14216.0
17944.0
17719.0
18541.0
3463.0
13633.0
4716.0
11454.0
634.0
2522.0
12797.0
1086.0
2403.0
15866.0
17231.0
7461.0
17138.0
970.0
19845.0
2991.0
10065.0
4826.0
2829.0
5279.0
3263.0
3050.0
2582.0
8471.0
7810.0
18290.0
7936.0
8590.0
10474.0
15618.0
9119.0
3706.0
4340.0
17154.0
248.0
2247.0
1720.0
5797.0
14723.0
8226.0
8735.0
6891.0
806.0
1160.0
2335.0
16683.0
19033.0
6990.0
3691.0
7568.0
6488.0
4473.0
119.0
13252.0
10988.0
16103.0
8080.0
2999.0
7427.0
18370.0
19349.0
5949.0
16800.0
19428.0
4745.0
11946.0
4146.0
12807.0
9308.0
1622.0
16778.0
18780.0
15822.0
2774.0
17896.0
16869.0
19134.0
10413.0
11316.0
19045.0
7111.0
5492.0
11119.0
15831.0
19840.0
805.0
2048.0
6726.0
1775.0
8918.0
13578.0
15452.0
263.0
1492.0
18540.0
1868.0
5785.0
16801.0
8294.0
11612.0
19665.0
4876.0
4341.0
5587.0
9561.0
8075.0
8062.0
993.0
19013.0
18900.0
17540.0
1721.0
19381.0
8993.0
14864.0
10208.0
15306.0
3408.0
6893.0
18979.0
13989.0
19097.0
16059.0
9366.0
17374.0
5045.0
5338.0
715.0
6948.0
11383.0
16310.0
14549.0
16133.0
18416.0
17461.0
803.0
1063.0
19940.0
19911.0
2082.0
4900.0
354.0
11927.0
10955.0
19926.0
2342.0
10363.0
9657.0
2690.0
468.0
11674.0
5284.0
2254.0
11463.0
9231.0
12746.0
14892.0
19220.0
13386.0
1398.0
6353.0
2656.0
15711.0
93.0
13306.0
10038.0
7345.0
15511.0
3933.0
16693.0
6511.0
7541.0
11349.0
2943.0
18495.0
19622.0
7900.0
3975.0
7248.0
7123.0
12507.0
7802.0
12406.0
8983.0
16150.0
9513.0
1674.0
17400.0
2561.0
15138.0
3630.0
9970.0
4983.0
3932.0
1265.0
8626.0
6789.0
11503.0
16282.0
4334.0
4433.0
10012.0
3630.0
8804.0
5618.0
11664.0
16804.0
9289.0
19806.0
18414.0
6189.0
15987.0
4993.0
17029.0
4023.0
17422.0
7514.0
4908.0
14189.0
12637.0
2536.0
9513.0
16149.0
9501.0
11085.0
16304.0
6563.0
19774.0
2693.0
18926.0
13985.0
11374.0
18493.0
13853.0
19729.0
14954.0
15114.0
4226.0
1926.0
2655.0
17571.0
15977.0
6747.0
317.0
8853.0
14365.0
18256.0
18319.0
12420.0
18720.0
4366.0
13853.0
13756.0
10732.0
7144.0
11620.0
10273.0
11735.0
14261.0
10745.0
12276.0
11638.0
8134.0
18673.0
19128.0
7531.0
17127.0
10356.0
247.0
2548.0
17843.0
5527.0
7428.0
12482.0
3836.0
5042.0
4607.0
2693.0
1772.0
15106.0
12310.0
18017.0
17904.0
1818.0
10500.0
13740.0
16032.0
19009.0
6160.0
5984.0
6028.0
11357.0
1553.0
19610.0
12146.0
5478.0
4382.0
12604.0
7268.0
7996.0
12059.0
18714.0
18508.0
11429.0
17688.0
11879.0
6750.0
172.0
4123.0
12920.0
10484.0
1232.0
9848.0
13268.0
3193.0
11064.0
6873.0
3687.0
3043.0
7826.0
1177.0
10389.0
6165.0
6759.0
17341.0
542.0
8957.0
18111.0
8877.0
6479.0
4353.0
7282.0
4894.0
8347.0
17910.0
4325.0
8348.0
7684.0
12146.0
15113.0
9167.0
17771.0
19319.0
5015.0
11132.0
1886.0
8836.0
1583.0
4769.0
19913.0
5856.0
12391.0
17410.0
2169.0
17723.0
16334.0
13045.0
5033.0
713.0
3732.0
15155.0
12788.0
17540.0
11365.0
8821.0
1954.0
4020.0
117.0
13663.0
4398.0
12944.0
6179.0
1019.0
3167.0
2318.0
7285.0
17687.0
5285.0
11751.0
8097.0
280.0
1074.0
9911.0
10028.0
10996.0
10036.0
8065.0
8909.0
7212.0
9438.0
6468.0
6541.0
15837.0
18004.0
12382.0
799.0
3322.0
486.0
7794.0
1340.0
12165.0
8458.0
16242.0
8967.0
17656.0
273.0
3511.0
3664.0
12191.0
15757.0
10341.0
18091.0
16927.0
6391.0
16824.0
7193.0
15187.0
15693.0
18198.0
13464.0
7490.0
14768.0
15358.0
1213.0
19488.0
15513.0
1227.0
13621.0
10490.0
9240.0
2837.0
7666.0
16798.0
10427.0
7731.0
17969.0
16706.0
10256.0
10973.0
12983.0
12096.0
19787.0
5978.0
11317.0
17193.0
14603.0
1211.0
16297.0
17887.0
19061.0
129.0
6867.0
602.0
5243.0
10580.0
6701.0
18539.0
19174.0
16377.0
7069.0
2957.0
4929.0
5526.0
5547.0
15735.0
4819.0
14634.0
3858.0
13282.0
16451.0
94.0
9726.0
884.0
10055.0
17508.0
2123.0
501.0
1564.0
14740.0
16325.0
19454.0
8921.0
19942.0
8501.0
3233.0
18855.0
15534.0
15290.0
2930.0
15113.0
1858.0
19027.0
12732.0
84.0
1452.0
19379.0
14210.0
7965.0
16468.0
5442.0
14391.0
8080.0
4523.0
7258.0
10728.0
15250.0
4105.0
6647.0
12859.0
17676.0
9228.0
6427.0
9299.0
9850.0
7950.0
11415.0
3358.0
1878.0
17055.0
15757.0
12419.0
11228.0
3390.0
17956.0
3662.0
19298.0
6316.0
2797.0
667.0
11183.0
2549.0
2024.0
1612.0
14411.0
14114.0
11011.0
4232.0
3030.0
15123.0
7539.0
2106.0
6446.0
10611.0
9582.0
15265.0
1284.0
692.0
7805.0
1696.0
12541.0
18964.0
7830.0
11210.0
2530.0
16605.0
7753.0
889.0
19382.0
17413.0
598.0
5389.0
17719.0
4921.0
1430.0
4467.0
2622.0
4456.0
17081.0
8023.0
1744.0
14977.0
12386.0
19424.0
15709.0
3877.0
6618.0
11913.0
18485.0
6350.0
11866.0
5839.0
11315.0
3319.0
928.0
4063.0
5109.0
10326.0
7779.0
4060.0
8589.0
9482.0
4446.0
1474.0
9609.0
3130.0
19362.0
9510.0
10121.0
11556.0
4491.0
13182.0
16478.0
18075.0
1869.0
17176.0
9430.0
3792.0
1398.0
9875.0
2867.0
21.0
10538.0
10664.0
9151.0
7856.0
8236.0
7504.0
3061.0
8030.0
16708.0
16692.0
291.0
2921.0
1828.0
16239.0
17452.0
13802.0
5965.0
7059.0
16138.0
2620.0
17240.0
6529.0
2781.0
1100.0
10123.0
18305.0
13502.0
10924.0
10990.0
12779.0
25.0
8213.0
1491.0
12869.0
12738.0
3695.0
10350.0
9537.0
19480.0
11496.0
16361.0
13333.0
17101.0
9933.0
12870.0
347.0
14451.0
5845.0
5730.0
1687.0
13830.0
6422.0
7894.0
17795.0
3435.0
79.0
8483.0
8296.0
3858.0
11278.0
14365.0
16838.0
14715.0
830.0
7044.0
16169.0
1231.0
18154.0
17863.0
14764.0
3600.0
8018.0
11162.0
15303.0
5341.0
1296.0
5286.0
16990.0
15082.0
2498.0
16216.0
10457.0
18727.0
4363.0
15892.0
16681.0
9243.0
15325.0
7689.0
4994.0
15555.0
16004.0
3669.0
11158.0
332.0
9692.0
9164.0
530.0
6.0
12937.0
5481.0
6218.0
17502.0
7444.0
14641.0
14305.0
3905.0
10197.0
16000.0
10525.0
1486.0
4683.0
1551.0
10732.0
14302.0
11506.0
6324.0
17576.0
7515.0
14312.0
5912.0
1352.0
9581.0
16590.0
15423.0
17645.0
2972.0
5809.0
5619.0
507.0
8193.0
5483.0
14545.0
17886.0
10961.0
17292.0
9242.0
17991.0
1368.0
8487.0
19165.0
4271.0
10271.0
18063.0
12366.0
4402.0
17123.0
8559.0
15574.0
2356.0
28.0
5009.0
15339.0
14556.0
19147.0
11336.0
16500.0
17314.0
18296.0
14802.0
2585.0
6802.0
6792.0
6913.0
13686.0
7543.0
2333.0
7314.0
16938.0
16356.0
7996.0
602.0
5470.0
14438.0
15087.0
17243.0
9411.0
13762.0
2.0
17876.0
12157.0
17845.0
16128.0
13730.0
6001.0
12185.0
9263.0
19931.0
470.0
1017.0
19335.0
7564.0
15243.0
6716.0
5868.0
7723.0
11828.0
17854.0
333.0
17000.0
10660.0
17312.0
351.0
5548.0
10895.0
2942.0
18447.0
5600.0
6395.0
12301.0
6299.0
19488.0
18157.0
10237.0
3292.0
7456.0
15286.0
16721.0
11926.0
9351.0
18467.0
14642.0
14782.0
13833.0
7292.0
2769.0
13982.0
1140.0
18176.0
2792.0
16451.0
7468.0
17054.0
18052.0
6241.0
19331.0
17322.0
13491.0
11785.0
3431.0
17536.0
220.0
19818.0
12252.0
5785.0
17900.0
6395.0
7496.0
4427.0
7060.0
6119.0
1172.0
11782.0
11261.0
7379.0
12202.0
2982.0
5514.0
13460.0
16042.0
2133.0
7859.0
3110.0
1209.0
17634.0
15109.0
19430.0
4561.0
11765.0
9042.0
376.0
14893.0
15209.0
11811.0
10210.0
6119.0
11893.0
17062.0
15695.0
1705.0
7620.0
3392.0
19140.0
17502.0
5639.0
1781.0
6633.0
5573.0
4418.0
1630.0
16033.0
19463.0
3940.0
15765.0
17714.0
16429.0
11264.0
17986.0
7357.0
5038.0
8998.0
6909.0
8655.0
7698.0
10633.0
4981.0
2272.0
2401.0
3230.0
13608.0
15910.0
17303.0
14309.0
7356.0
15574.0
4532.0
2000.0
19324.0
4142.0
5607.0
4935.0
2553.0
17181.0
4254.0
18589.0
18020.0
6793.0
877.0
12037.0
5104.0
16673.0
220.0
6435.0
5725.0
5489.0
10485.0
12925.0
7658.0
1538.0
19704.0
12842.0
7986.0
6631.0
19672.0
15673.0
10084.0
7911.0
1870.0
12937.0
16779.0
11726.0
1517.0
4786.0
757.0
3323.0
15577.0
12791.0
13755.0
2984.0
14169.0
7897.0
16110.0
7321.0
2853.0
4204.0
16599.0
17322.0
16061.0
9004.0
18895.0
18866.0
13288.0
18160.0
10109.0
4659.0
6955.0
19898.0
3864.0
10317.0
1717.0
6659.0
10089.0
9511.0
10942.0
15849.0
11778.0
1961.0
13352.0
2201.0
277.0
4000.0
2146.0
5394.0
17825.0
1028.0
825.0
8208.0
17936.0
15691.0
16047.0
14543.0
15255.0
11893.0
12315.0
11110.0
6589.0
17263.0
2302.0
12891.0
6337.0
11945.0
16754.0
17398.0
15829.0
16051.0
13559.0
587.0
2112.0
13851.0
8210.0
18265.0
12512.0
5309.0
14913.0
13262.0
6822.0
19569.0
14451.0
17513.0
6571.0
4880.0
12539.0
7185.0
12169.0
12874.0
10697.0
7988.0
5864.0
1461.0
5484.0
4803.0
18067.0
1449.0
19325.0
2501.0
212.0
13039.0
3921.0
16503.0
15993.0
10002.0
5567.0
19508.0
7148.0
2814.0
8054.0
13567.0
15502.0
13394.0
11224.0
10758.0
7840.0
13099.0
14403.0
19389.0
9893.0
9042.0
9837.0
1423.0
11.0
12422.0
11115.0
2738.0
13572.0
12583.0
8027.0
17641.0
520.0
18314.0
450.0
4051.0
1499.0
14179.0
7841.0
16182.0
17577.0
16278.0
2674.0
18711.0
17333.0
1204.0
349.0
17762.0
7861.0
9562.0
5848.0
5268.0
10556.0
16637.0
9746.0
6346.0
12439.0
16215.0
14118.0
1052.0
4640.0
7914.0
8863.0
4383.0
19092.0
581.0
12946.0
5332.0
3072.0
10101.0
5125.0
15308.0
6111.0
4162.0
5336.0
63.0
6780.0
5665.0
18434.0
15662.0
9431.0
17498.0
9211.0
11112.0
16298.0
4107.0
11780.0
9107.0
15886.0
10744.0
19355.0
1252.0
18851.0
11390.0
5417.0
331.0
16734.0
4062.0
13804.0
136.0
19455.0
2929.0
17278.0
8469.0
8842.0
888.0
18164.0
17438.0
17177.0
19073.0
19276.0
12996.0
9489.0
6733.0
5684.0
9525.0
11581.0
17281.0
6113.0
11527.0
648.0
10532.0
14707.0
10746.0
8089.0
18923.0
8956.0
699.0
6223.0
14807.0
7484.0
10803.0
1450.0
4196.0
15393.0
17487.0
7104.0
1315.0
12801.0
2536.0
18129.0
9048.0
17425.0
17983.0
3799.0
6168.0
16988.0
9092.0
11161.0
7838.0
4043.0
1555.0
19975.0
12293.0
8686.0
10743.0
16147.0
12618.0
15969.0
12359.0
5097.0
5985.0
8810.0
12918.0
4385.0
4353.0
1832.0
4730.0
14359.0
13515.0
7384.0
12905.0
16609.0
18683.0
655.0
16444.0
18571.0
1089.0
14388.0
9287.0
7105.0
7808.0
14892.0
5753.0
12637.0
14206.0
3947.0
17762.0
3387.0
3658.0
12452.0
234.0
10796.0
16407.0
16170.0
8830.0
11516.0
7236.0
511.0
17298.0
14243.0
12080.0
15880.0
2733.0
6411.0
15067.0
19567.0
11909.0
11555.0
4148.0
19735.0
15634.0
3424.0
18880.0
9726.0
16790.0
4189.0
4245.0
12781.0
11486.0
1273.0
4817.0
1845.0
19488.0
4474.0
9982.0
7999.0
8844.0
6993.0
2940.0
1603.0
13577.0
16667.0
10754.0
274.0
16.0
16484.0
12712.0
19960.0
4434.0
7327.0
14923.0
12579.0
18777.0
8709.0
15932.0
1400.0
16410.0
10519.0
3329.0
12493.0
14970.0
12884.0
11443.0
12942.0
5740.0
7438.0
15544.0
4589.0
10167.0
13899.0
16219.0
8559.0
3251.0
4016.0
12266.0
3958.0
11587.0
13507.0
19994.0
19420.0
9126.0
1067.0
15131.0
462.0
9390.0
17006.0
14372.0
7512.0
17180.0
7592.0
19133.0
19736.0
18418.0
7521.0
14584.0
5014.0
11908.0
8144.0
19725.0
4423.0
14017.0
7140.0
19415.0
17604.0
18848.0
13293.0
1954.0
3677.0
2165.0
17090.0
7798.0
10209.0
2220.0
3780.0
19380.0
12552.0
7273.0
7723.0
12389.0
2307.0
15857.0
6711.0
12400.0
12582.0
12977.0
4514.0
16450.0
4878.0
19215.0
10307.0
15256.0
11055.0
17214.0
11685.0
18147.0
17851.0
1689.0
10814.0
12054.0
18187.0
1900.0
16815.0
14383.0
13898.0
11922.0
7676.0
16477.0
5460.0
739.0
2321.0
18936.0
12972.0
18878.0
8956.0
12601.0
19045.0
9148.0
15763.0
16742.0
2105.0
2062.0
223.0
3134.0
12000.0
9891.0
16116.0
6487.0
17969.0
6405.0
8546.0
17958.0
8842.0
2436.0
15580.0
3038.0
4149.0
18206.0
8499.0
13911.0
3399.0
18315.0
8679.0
18253.0
1689.0
18613.0
11383.0
2735.0
10365.0
7957.0
7530.0
5786.0
1746.0
17845.0
10007.0
14238.0
13663.0
17876.0
17488.0
299.0
2343.0
18261.0
5681.0
6793.0
12171.0
3979.0
17911.0
19141.0
10882.0
8268.0
13153.0
14406.0
12239.0
10143.0
13091.0
14175.0
5031.0
14268.0
1742.0
2894.0
2868.0
18651.0
7463.0
9092.0
1746.0
3706.0
6134.0
1901.0
2440.0
5823.0
6009.0
4598.0
12195.0
9644.0
8679.0
5721.0
13502.0
11745.0
3728.0
15339.0
10942.0
8377.0
12437.0
43.0
15840.0
12086.0
2769.0
12727.0
12854.0
8957.0
18275.0
8424.0
15930.0
18103.0
6341.0
8927.0
6654.0
12910.0
13779.0
18296.0
12582.0
4692.0
6659.0
11093.0
1137.0
14468.0
7883.0
7805.0
5917.0
5830.0
18679.0
12187.0
358.0
8760.0
2482.0
1312.0
16392.0
17178.0
1166.0
12368.0
5012.0
2525.0
13593.0
8318.0
2431.0
1946.0
16042.0
17386.0
3352.0
16932.0
18277.0
11600.0
16645.0
7957.0
10901.0
14025.0
6996.0
2721.0
5860.0
1785.0
6686.0
474.0
9956.0
16915.0
8454.0
5255.0
8370.0
15091.0
12212.0
15749.0
7804.0
2830.0
8061.0
7402.0
709.0
3573.0
18788.0
3454.0
8446.0
8080.0
12404.0
19123.0
13295.0
917.0
10405.0
2946.0
19490.0
8992.0
8826.0
14480.0
14196.0
1005.0
13515.0
2508.0
1105.0
18912.0
11269.0
5329.0
16190.0
19114.0
168.0
8770.0
874.0
2139.0
10067.0
1664.0
13617.0
12852.0
3460.0
7158.0
8077.0
17141.0
12719.0
5929.0
121.0
9611.0
16749.0
3046.0
7965.0
7324.0
4934.0
11987.0
12216.0
37.0
16700.0
579.0
14407.0
3431.0
11715.0
19663.0
11995.0
16807.0
2038.0
4446.0
6012.0
5173.0
11700.0
6507.0
1813.0
3211.0
7808.0
537.0
14920.0
17127.0
11478.0
11252.0
1789.0
16326.0
2136.0
1037.0
14658.0
1429.0
809.0
5704.0
5841.0
15938.0
1014.0
2556.0
8685.0
17833.0
9091.0
6751.0
9154.0
374.0
1813.0
18538.0
15604.0
5173.0
8310.0
17199.0
4487.0
17532.0
10811.0
3168.0
8213.0
3044.0
16140.0
197.0
6924.0
790.0
140.0
17548.0
13.0
2397.0
17784.0
3622.0
11906.0
3010.0
3353.0
1938.0
14428.0
2038.0
9789.0
18119.0
2376.0
6753.0
13019.0
1227.0
1185.0
2141.0
17687.0
18120.0
16587.0
11165.0
7605.0
8427.0
10048.0
15084.0
17233.0
541.0
15607.0
14869.0
1809.0
2563.0
9352.0
17751.0
5195.0
4904.0
3930.0
16828.0
19404.0
12220.0
16484.0
4226.0
17581.0
7291.0
4509.0
18292.0
12221.0
7702.0
5782.0
10243.0
14851.0
3025.0
17236.0
5991.0
2830.0
11680.0
15180.0
1077.0
7864.0
19352.0
13305.0
3171.0
5505.0
15694.0
10662.0
17142.0
18408.0
13411.0
1612.0
9960.0
13518.0
9992.0
11558.0
6485.0
18105.0
410.0
11894.0
19578.0
8913.0
17206.0
6275.0
10146.0
13972.0
10913.0
3584.0
4922.0
13029.0
18190.0
15317.0
17672.0
17461.0
13536.0
17880.0
3783.0
5868.0
17931.0
977.0
15973.0
13700.0
17442.0
17563.0
17391.0
12682.0
15565.0
4121.0
18175.0
2837.0
29.0
9489.0
16144.0
14356.0
2064.0
5557.0
893.0
13943.0
11483.0
13846.0
2675.0
7432.0
11194.0
15161.0
8209.0
13216.0
10222.0
17088.0
18518.0
18401.0
15125.0
13101.0
10226.0
1918.0
4880.0
9363.0
16159.0
18582.0
10383.0
3381.0
9372.0
3645.0
4148.0
18563.0
15046.0
17201.0
10508.0
5330.0
18579.0
6391.0
3275.0
1505.0
15787.0
15603.0
11410.0
10497.0
14661.0
9934.0
11531.0
2595.0
14424.0
3698.0
9431.0
17342.0
8657.0
14513.0
985.0
14898.0
6672.0
4975.0
15587.0
1437.0
15904.0
16830.0
10606.0
5195.0
12553.0
15265.0
1672.0
18818.0
287.0
15761.0
4031.0
19832.0
953.0
19670.0
17241.0
439.0
15955.0
4612.0
19100.0
9367.0
2319.0
9387.0
16382.0
13466.0
5535.0
5059.0
19515.0
12867.0
15464.0
12637.0
4197.0
8110.0
15728.0
6796.0
14786.0
13434.0
389.0
10312.0
9665.0
19460.0
883.0
19730.0
16216.0
6223.0
5928.0
3321.0
352.0
15015.0
16144.0
18646.0
19608.0
4734.0
15543.0
10372.0
1256.0
11519.0
270.0
17212.0
5931.0
9902.0
7072.0
13355.0
9293.0
17200.0
15772.0
13011.0
6851.0
18872.0
12020.0
5359.0
3834.0
10912.0
267.0
3451.0
14485.0
3207.0
9587.0
17903.0
16379.0
13921.0
11991.0
8440.0
11836.0
11294.0
10688.0
2299.0
15913.0
7612.0
11710.0
18689.0
18403.0
16829.0
13606.0
18642.0
13873.0
8339.0
1766.0
903.0
12329.0
2160.0
4952.0
11694.0
17810.0
19448.0
9898.0
1073.0
1664.0
6726.0
14406.0
4642.0
12842.0
12028.0
15956.0
14683.0
2934.0
18402.0
8299.0
5334.0
3510.0
19140.0
19685.0
1998.0
19375.0
4851.0
6671.0
5191.0
15669.0
15941.0
6835.0
11235.0
4696.0
4422.0
2708.0
8067.0
1538.0
11108.0
3346.0
11637.0
12509.0
990.0
18495.0
1148.0
7431.0
16649.0
3623.0
14367.0
11167.0
19872.0
17571.0
12742.0
14104.0
2581.0
16789.0
19242.0
6149.0
12224.0
1817.0
1596.0
15605.0
9005.0
6398.0
13861.0
5283.0
8008.0
7206.0
7142.0
9735.0
12302.0
19257.0
8817.0
1747.0
18084.0
12193.0
2722.0
1017.0
10249.0
14659.0
10835.0
11323.0
15587.0
5192.0
2426.0
904.0
9824.0
17677.0
18239.0
10105.0
10832.0
3346.0
271.0
939.0
5856.0
6675.0
13610.0
18301.0
18659.0
1846.0
10120.0
8038.0
310.0
12126.0
7857.0
16050.0
6853.0
19455.0
4884.0
13416.0
7968.0
17767.0
12169.0
7048.0
820.0
13106.0
3681.0
18681.0
4574.0
17952.0
13527.0
16932.0
15531.0
10978.0
19363.0
6386.0
5347.0
2831.0
10020.0
14723.0
14536.0
8618.0
6151.0
19332.0
5617.0
11684.0
13799.0
8904.0
15618.0
8821.0
7029.0
11089.0
16766.0
3007.0
4057.0
3650.0
5718.0
18509.0
1068.0
5806.0
17274.0
14118.0
15676.0
17235.0
16329.0
3516.0
16829.0
3614.0
7129.0
19751.0
6663.0
12729.0
12369.0
4536.0
7424.0
9723.0
19559.0
10951.0
4513.0
5815.0
8510.0
12430.0
4697.0
13910.0
9754.0
17834.0
19307.0
8861.0
12357.0
11938.0
16351.0
14690.0
15433.0
3975.0
2002.0
18936.0
6904.0
8658.0
18130.0
18141.0
1339.0
2174.0
12813.0
7031.0
16450.0
3394.0
10292.0
689.0
12321.0
9994.0
18976.0
12706.0
14167.0
27.0
19107.0
6171.0
17213.0
6763.0
17534.0
3730.0
17351.0
4151.0
5241.0
8308.0
19009.0
13282.0
15424.0
6641.0
19419.0
1310.0
12997.0
2061.0
11432.0
10507.0
9776.0
16898.0
4691.0
4758.0
19320.0
14856.0
12531.0
19617.0
6169.0
5774.0
13405.0
5265.0
13668.0
16613.0
7850.0
8622.0
14342.0
17603.0
7109.0
11272.0
1061.0
6788.0
4741.0
8247.0
6955.0
14650.0
8498.0
14889.0
8747.0
16432.0
5143.0
2374.0
11505.0
4405.0
6734.0
11235.0
18064.0
7276.0
7937.0
576.0
2741.0
3058.0
18740.0
8511.0
7186.0
3054.0
9437.0
9468.0
7602.0
10727.0
17673.0
3327.0
6642.0
860.0
14597.0
805.0
5808.0
1836.0
12230.0
1774.0
18975.0
16357.0
594.0
15377.0
2633.0
10483.0
1593.0
8180.0
3781.0
5908.0
11378.0
3311.0
18784.0
15081.0
13033.0
13205.0
10563.0
5582.0
7277.0
12642.0
17611.0
10062.0
3498.0
12169.0
10369.0
6263.0
8018.0
10074.0
16860.0
19310.0
14936.0
767.0
1744.0
12983.0
10150.0
19321.0
15058.0
431.0
6739.0
3030.0
14324.0
13056.0
12375.0
14987.0
511.0
19926.0
1237.0
4155.0
11862.0
11752.0
16750.0
3368.0
6779.0
9567.0
3493.0
211.0
1755.0
15004.0
13443.0
4101.0
19566.0
9822.0
8686.0
13516.0
7595.0
2518.0
19183.0
11221.0
737.0
10411.0
2832.0
544.0
12977.0
19981.0
8393.0
4810.0
10206.0
7068.0
10186.0
11761.0
10584.0
11443.0
10759.0
6047.0
3988.0
16192.0
2634.0
3325.0
1760.0
281.0
12162.0
2941.0
17439.0
13039.0
15417.0
15463.0
19156.0
3747.0
19655.0
18405.0
13944.0
15963.0
7248.0
19191.0
7442.0
6065.0
4786.0
15782.0
16855.0
6879.0
1588.0
1860.0
8179.0
563.0
11286.0
17355.0
6379.0
14962.0
7672.0
643.0
12170.0
17721.0
15614.0
11128.0
9792.0
18494.0
18932.0
5096.0
11713.0
14024.0
19039.0
3404.0
16588.0
19544.0
18102.0
18150.0
9431.0
8261.0
18306.0
15935.0
1140.0
7175.0
12402.0
9170.0
17927.0
4131.0
16335.0
16654.0
384.0
6733.0
10516.0
13135.0
16476.0
13240.0
5527.0
19929.0
4901.0
3554.0
6342.0
18470.0
652.0
11908.0
9624.0
19117.0
11286.0
16230.0
10161.0
9023.0
3453.0
6234.0
14631.0
871.0
11621.0
16137.0
17173.0
8673.0
15270.0
2801.0
5517.0
13235.0
12470.0
8279.0
10790.0
18088.0
6095.0
12990.0
13801.0
4728.0
8051.0
5374.0
7236.0
3326.0
16618.0
11724.0
13227.0
9796.0
3045.0
5380.0
8836.0
715.0
11788.0
7373.0
10077.0
19600.0
18009.0
7081.0
12425.0
8134.0
17246.0
4197.0
7083.0
574.0
17815.0
7835.0
6056.0
4320.0
4477.0
6875.0
3780.0
7798.0
2820.0
1902.0
13785.0
17450.0
13645.0
2376.0
386.0
14207.0
5067.0
11544.0
8427.0
18257.0
2219.0
5162.0
9582.0
18205.0
12905.0
4878.0
2951.0
146.0
14987.0
5874.0
6257.0
7171.0
16970.0
2150.0
1565.0
9350.0
8172.0
15235.0
9634.0
5696.0
1095.0
18150.0
2154.0
19855.0
13782.0
10380.0
17568.0
41.0
17384.0
8063.0
5894.0
9664.0
1773.0
17675.0
3987.0
18701.0
14870.0
8841.0
13319.0
9506.0
2717.0
5351.0
10151.0
5941.0
498.0
5737.0
11391.0
8003.0
5914.0
7229.0
19408.0
15353.0
5632.0
11034.0
1286.0
13501.0
6505.0
3518.0
11994.0
15315.0
3154.0
15212.0
2999.0
8452.0
4028.0
929.0
10942.0
6077.0
17269.0
4967.0
14874.0
5360.0
11299.0
17761.0
8639.0
16892.0
10930.0
16851.0
6755.0
15081.0
19997.0
19668.0
3420.0
1814.0
2886.0
6293.0
2801.0
17191.0
18726.0
6818.0
7573.0
15778.0
15855.0
14016.0
2100.0
1426.0
14057.0
16848.0
6112.0
12632.0
7573.0
10100.0
18020.0
15063.0
2699.0
3466.0
12145.0
2920.0
668.0
15321.0
12639.0
6771.0
6831.0
19761.0
5310.0
156.0
18382.0
16177.0
6840.0
14907.0
18044.0
18516.0
950.0
913.0
3461.0
15579.0
451.0
14943.0
8089.0
9433.0
12062.0
14133.0
2735.0
19830.0
18545.0
4037.0
16380.0
17549.0
15048.0
6896.0
5974.0
3099.0
17744.0
19427.0
6023.0
9409.0
1600.0
611.0
9495.0
17720.0
11956.0
9300.0
14202.0
18250.0
2884.0
499.0
12608.0
9327.0
1291.0
11671.0
5931.0
19322.0
10547.0
2929.0
17435.0
16481.0
3112.0
9258.0
7508.0
7456.0
2046.0
3184.0
12073.0
3581.0
4476.0
7836.0
2250.0
8253.0
2930.0
8861.0
14123.0
4485.0
13034.0
6735.0
6163.0
3396.0
16761.0
14690.0
4180.0
8267.0
6513.0
9770.0
17150.0
11013.0
4902.0
11679.0
3249.0
18084.0
10383.0
6312.0
17412.0
4516.0
7543.0
1166.0
10713.0
18378.0
16259.0
896.0
8149.0
2141.0
12553.0
703.0
10912.0
4556.0
9052.0
2110.0
13558.0
15986.0
19604.0
16416.0
15319.0
10149.0
7903.0
18978.0
9486.0
18646.0
3275.0
12204.0
11316.0
7575.0
4477.0
8083.0
10767.0
13752.0
6770.0
17591.0
9549.0
14685.0
10846.0
15587.0
7505.0
19814.0
1883.0
17357.0
7442.0
9257.0
5287.0
11075.0
17640.0
1461.0
15365.0
5270.0
19986.0
11746.0
6734.0
16233.0
5544.0
13497.0
5639.0
17324.0
11166.0
19292.0
4153.0
2432.0
12217.0
4990.0
18562.0
899.0
14341.0
16429.0
5111.0
14932.0
9360.0
16184.0
5898.0
19742.0
1864.0
8038.0
11850.0
13315.0
4127.0
7312.0
6294.0
11245.0
5190.0
15104.0
1466.0
6301.0
12451.0
13204.0
995.0
12873.0
8900.0
19651.0
8350.0
14142.0
13556.0
18167.0
10362.0
4480.0
16241.0
10693.0
3540.0
19943.0
6873.0
15950.0
10145.0
7877.0
11546.0
16932.0
19983.0
14681.0
5035.0
8489.0
5338.0
13056.0
10844.0
6169.0
14817.0
10043.0
13778.0
19777.0
9822.0
19783.0
1412.0
16746.0
19214.0
262.0
2816.0
14512.0
17144.0
8303.0
11162.0
7889.0
18494.0
5053.0
8349.0
5718.0
17110.0
19755.0
1036.0
5502.0
5805.0
1722.0
10045.0
18166.0
13502.0
3812.0
236.0
8430.0
15096.0
18587.0
18067.0
11183.0
2787.0
5924.0
17763.0
16119.0
6266.0
8445.0
16209.0
6168.0
9713.0
3772.0
16856.0
4904.0
17287.0
18714.0
8917.0
11255.0
8825.0
18253.0
7392.0
18009.0
13834.0
10586.0
15522.0
2669.0
17957.0
4712.0
1208.0
11797.0
11311.0
6823.0
19501.0
12743.0
8398.0
5028.0
4953.0
17182.0
7566.0
15618.0
8215.0
108.0
4012.0
12520.0
6834.0
3086.0
10046.0
3164.0
19814.0
11235.0
15436.0
1133.0
7322.0
17885.0
12463.0
8277.0
9363.0
16520.0
5093.0
17149.0
18415.0
12365.0
11945.0
7948.0
19671.0
2421.0
3490.0
2043.0
8304.0
9333.0
9473.0
4432.0
7963.0
3366.0
6048.0
3938.0
14702.0
7775.0
15323.0
15203.0
18915.0
18217.0
8624.0
12320.0
11421.0
10129.0
5695.0
12819.0
19651.0
7250.0
9129.0
16433.0
12742.0
6199.0
14893.0
3914.0
6458.0
9805.0
19177.0
9253.0
11798.0
3542.0
10117.0
7059.0
17768.0
16261.0
2074.0
8780.0
13679.0
9286.0
11778.0
19322.0
17.0
10892.0
8570.0
16236.0
14160.0
12895.0
18517.0
3412.0
7434.0
19421.0
17811.0
612.0
11529.0
4089.0
9967.0
18612.0
8568.0
18448.0
6991.0
15566.0
12195.0
19893.0
11312.0
1636.0
6927.0
871.0
7793.0
16362.0
14462.0
10712.0
4868.0
1930.0
11090.0
19504.0
6676.0
7973.0
5527.0
12388.0
18512.0
3702.0
1129.0
7019.0
8567.0
2346.0
1128.0
18062.0
45.0
16507.0
13582.0
18437.0
4707.0
1495.0
5781.0
1078.0
13203.0
11480.0
12430.0
4445.0
4641.0
8779.0
12137.0
5728.0
9140.0
15700.0
19866.0
9766.0
7547.0
18325.0
15163.0
18624.0
1160.0
1388.0
17583.0
86.0
4198.0
19988.0
13265.0
1175.0
14262.0
8036.0
3006.0
5639.0
2754.0
13543.0
19420.0
18667.0
7859.0
4549.0
12237.0
10420.0
9330.0
12166.0
14402.0
13552.0
9647.0
4132.0
19976.0
10154.0
14638.0
1587.0
8380.0
9091.0
5244.0
17666.0
4864.0
5825.0
16667.0
17180.0
17602.0
15215.0
5201.0
2194.0
2439.0
5618.0
8319.0
18711.0
19011.0
14499.0
2210.0
9554.0
19479.0
12274.0
8400.0
6512.0
13613.0
4903.0
14232.0
5059.0
9683.0
3932.0
3289.0
6473.0
9766.0
4768.0
16014.0
7236.0
19887.0
19496.0
362.0
4353.0
7075.0
8033.0
12807.0
3616.0
9039.0
14464.0
10654.0
2013.0
7976.0
16205.0
14651.0
18057.0
2830.0
1007.0
4576.0
9427.0
18578.0
19400.0
4063.0
18294.0
14678.0
13482.0
18223.0
18224.0
19733.0
10807.0
6904.0
3767.0
16407.0
13253.0
1892.0
18123.0
1048.0
742.0
19802.0
5845.0
9376.0
17183.0
11966.0
3092.0
1774.0
1559.0
10986.0
19008.0
4209.0
5568.0
16801.0
15810.0
10637.0
3244.0
5104.0
2810.0
2222.0
5399.0
6720.0
6953.0
11703.0
7609.0
13050.0
18184.0
17047.0
3981.0
12327.0
3497.0
7150.0
11668.0
17197.0
9621.0
2069.0
19997.0
15891.0
7119.0
19777.0
10319.0
15117.0
5690.0
15477.0
3963.0
16416.0
19603.0
17419.0
7418.0
13319.0
8744.0
4740.0
3338.0
16738.0
15910.0
19998.0
16798.0
7371.0
15520.0
7995.0
6635.0
15436.0
2150.0
11120.0
11785.0
17987.0
17777.0
14713.0
18797.0
15898.0
19460.0
19217.0
5727.0
6666.0
10124.0
13431.0
12241.0
19587.0
7721.0
4911.0
13384.0
17794.0
17889.0
6246.0
9917.0
1066.0
1718.0
16354.0
19367.0
12873.0
1924.0
13838.0
9912.0
15232.0
5720.0
6724.0
11856.0
8208.0
4313.0
11350.0
18549.0
3580.0
2066.0
19753.0
6082.0
16553.0
19168.0
415.0
7223.0
17592.0
4505.0
13256.0
9575.0
7334.0
19600.0
13975.0
17665.0
13392.0
15914.0
18054.0
18591.0
18761.0
4720.0
3583.0
7787.0
14487.0
18035.0
9830.0
3081.0
4760.0
14342.0
15453.0
12008.0
321.0
13405.0
9251.0
1099.0
19619.0
6716.0
7662.0
15510.0
13058.0
3910.0
3011.0
10954.0
15742.0
10926.0
7452.0
401.0
3750.0
2556.0
3450.0
15960.0
18634.0
18979.0
13637.0
15182.0
14040.0
5293.0
1556.0
19092.0
11487.0
561.0
8973.0
5721.0
17286.0
11928.0
19061.0
5379.0
8618.0
18488.0
5923.0
18433.0
12816.0
18203.0
3985.0
4168.0
5643.0
9910.0
16685.0
8404.0
12821.0
16129.0
11711.0
3967.0
5861.0
18308.0
8701.0
18477.0
3370.0
14727.0
4508.0
18392.0
19749.0
18261.0
5862.0
7839.0
10686.0
14474.0
7650.0
117.0
16514.0
11340.0
4976.0
15443.0
7836.0
13576.0
9333.0
13282.0
19567.0
226.0
7877.0
4166.0
4859.0
5527.0
4865.0
11437.0
5062.0
16339.0
1494.0
15366.0
10011.0
7366.0
7451.0
6683.0
13413.0
19164.0
4593.0
10569.0
9297.0
1551.0
18113.0
2163.0
15045.0
8110.0
13676.0
3475.0
6313.0
17699.0
11819.0
7420.0
9784.0
18721.0
17541.0
12782.0
9474.0
1125.0
12993.0
12646.0
8860.0
14095.0
12201.0
5272.0
9612.0
6256.0
13333.0
3875.0
5888.0
4066.0
3982.0
8144.0
17835.0
4676.0
7558.0
14835.0
13634.0
9696.0
15046.0
10104.0
985.0
5536.0
11192.0
463.0
18896.0
14249.0
16948.0
18495.0
12524.0
9703.0
19415.0
7511.0
1584.0
9256.0
16679.0
15103.0
16163.0
4437.0
6032.0
18141.0
16379.0
17892.0
659.0
14389.0
6363.0
7330.0
3076.0
16659.0
18008.0
9672.0
19833.0
14206.0
1084.0
19984.0
11908.0
13815.0
6406.0
14069.0
18228.0
9102.0
1576.0
1240.0
9487.0
2716.0
14800.0
5061.0
3894.0
7256.0
14185.0
17453.0
13127.0
19421.0
10336.0
625.0
10859.0
12276.0
19280.0
9241.0
5774.0
8098.0
19829.0
2622.0
2406.0
19197.0
739.0
6604.0
9293.0
2826.0
16227.0
8201.0
12306.0
17988.0
2979.0
10168.0
9711.0
4747.0
2084.0
12539.0
5080.0
7793.0
4037.0
11645.0
11569.0
11375.0
8809.0
19117.0
17135.0
73.0
3493.0
10787.0
14255.0
5432.0
3950.0
12184.0
11902.0
425.0
5079.0
12267.0
17969.0
8801.0
14811.0
6579.0
1816.0
8364.0
19675.0
8438.0
14145.0
6184.0
6235.0
3833.0
3187.0
6870.0
14798.0
3595.0
2051.0
913.0
1636.0
7625.0
8427.0
3049.0
7717.0
17149.0
17701.0
11203.0
4395.0
15984.0
9994.0
11844.0
4388.0
15109.0
8906.0
17194.0
11207.0
7459.0
18557.0
4682.0
9269.0
4097.0
16478.0
16545.0
19956.0
2473.0
2535.0
9465.0
4816.0
7627.0
18765.0
12768.0
13053.0
8796.0
6564.0
9016.0
8030.0
2368.0
3057.0
18509.0
12457.0
9208.0
14769.0
18570.0
3231.0
13801.0
13388.0
5835.0
11378.0
2074.0
19204.0
10961.0
6815.0
11167.0
7026.0
17633.0
952.0
15588.0
14193.0
8956.0
10666.0
13611.0
7239.0
14725.0
3495.0
17815.0
15216.0
13447.0
11603.0
18986.0
17879.0
13271.0
7980.0
19719.0
8010.0
2032.0
11247.0
16825.0
7414.0
5646.0
15348.0
486.0
7075.0
11528.0
4040.0
4951.0
19410.0
7917.0
13306.0
1419.0
902.0
14177.0
2243.0
4557.0
14158.0
8316.0
6890.0
7927.0
18970.0
3711.0
6258.0
17734.0
17400.0
10834.0
19975.0
3826.0
1186.0
4421.0
13918.0
18204.0
5060.0
7970.0
4749.0
11254.0
7549.0
6616.0
19308.0
12416.0
18580.0
14621.0
18550.0
10812.0
7260.0
4721.0
18920.0
1267.0
14726.0
2649.0
19486.0
6928.0
6598.0
2617.0
2936.0
19934.0
8475.0
17385.0
8879.0
18752.0
9334.0
2844.0
8869.0
4485.0
8616.0
19876.0
7333.0
10473.0
8095.0
13153.0
17419.0
11425.0
16593.0
176.0
7093.0
1774.0
11060.0
10050.0
12903.0
1832.0
19170.0
6431.0
7991.0
5885.0
15430.0
17633.0
17140.0
11104.0
1419.0
10022.0
14653.0
7158.0
8068.0
16728.0
7935.0
11739.0
17665.0
9911.0
9459.0
3224.0
17401.0
16696.0
17110.0
16303.0
17758.0
16405.0
16735.0
10023.0
18990.0
7246.0
2426.0
15815.0
5779.0
19816.0
1073.0
17863.0
10284.0
17811.0
15331.0
17230.0
18354.0
2293.0
111.0
19589.0
18874.0
15616.0
9049.0
1488.0
13085.0
15566.0
13541.0
19601.0
3608.0
2847.0
7250.0
11013.0
11326.0
11944.0
6047.0
8993.0
4926.0
7303.0
7198.0
15894.0
13325.0
4047.0
1074.0
686.0
3533.0
2881.0
19607.0
15639.0
17255.0
14967.0
4327.0
3653.0
16427.0
17010.0
7141.0
19284.0
4437.0
16712.0
9165.0
15334.0
11179.0
2817.0
19448.0
18033.0
12153.0
3308.0
8588.0
12945.0
10063.0
13233.0
12081.0
18539.0
1860.0
12403.0
9114.0
8059.0
16913.0
5292.0
5584.0
600.0
6407.0
3403.0
15913.0
15358.0
18999.0
2501.0
2294.0
4524.0
14775.0
11721.0
17061.0
5899.0
11607.0
11508.0
18126.0
6856.0
19333.0
5526.0
7577.0
5614.0
18680.0
10940.0
17710.0
3039.0
19793.0
12521.0
2908.0
10797.0
16718.0
1381.0
9006.0
13712.0
15137.0
2304.0
4616.0
19307.0
3882.0
1022.0
205.0
7315.0
1468.0
11856.0
15375.0
10433.0
8484.0
495.0
8289.0
18888.0
18819.0
13846.0
6603.0
4749.0
215.0
9401.0
17597.0
17119.0
11282.0
8597.0
5708.0
12347.0
16832.0
4265.0
13178.0
19763.0
16416.0
6867.0
17345.0
15410.0
3775.0
19789.0
2615.0
15755.0
4332.0
18637.0
6102.0
9470.0
19789.0
18969.0
6369.0
278.0
6283.0
14470.0
6450.0
15217.0
5126.0
12891.0
738.0
16218.0
8162.0
5643.0
7039.0
18103.0
14091.0
10742.0
3105.0
2562.0
6595.0
13144.0
14773.0
17210.0
4981.0
11115.0
5640.0
6811.0
2494.0
9254.0
7863.0
12298.0
5717.0
12496.0
8197.0
16972.0
9685.0
864.0
9729.0
12287.0
3113.0
305.0
19165.0
5764.0
1036.0
4667.0
11998.0
3766.0
1960.0
17280.0
16548.0
8742.0
18168.0
12738.0
17667.0
1768.0
6923.0
645.0
2458.0
10963.0
16479.0
4967.0
10079.0
18850.0
4988.0
3729.0
18845.0
4952.0
891.0
2070.0
15545.0
4766.0
12717.0
9035.0
17395.0
5787.0
727.0
11581.0
5661.0
15531.0
6130.0
14584.0
4273.0
9366.0
540.0
18256.0
8261.0
5209.0
13796.0
5263.0
15669.0
13739.0
18734.0
6350.0
2647.0
5095.0
8564.0
14492.0
2323.0
1330.0
4385.0
12280.0
14687.0
2461.0
2007.0
16644.0
5885.0
5423.0
6368.0
16003.0
216.0
10030.0
5348.0
17328.0
16617.0
17731.0
2926.0
17030.0
11455.0
10120.0
6418.0
4723.0
273.0
11497.0
395.0
6509.0
14125.0
18890.0
14368.0
12653.0
2795.0
15543.0
6781.0
17966.0
1033.0
9707.0
16334.0
5978.0
4853.0
13426.0
12646.0
1439.0
7873.0
12395.0
16303.0
13013.0
18701.0
16833.0
1342.0
8986.0
5715.0
8587.0
15543.0
10714.0
12251.0
12927.0
12867.0
2944.0
10672.0
15582.0
16019.0
17962.0
18175.0
14378.0
3074.0
3091.0
440.0
15152.0
16936.0
19973.0
14062.0
10906.0
8877.0
10119.0
15977.0
3729.0
13954.0
10089.0
5679.0
11595.0
16563.0
1536.0
10093.0
13978.0
10662.0
307.0
15920.0
7352.0
12327.0
12074.0
2887.0
6006.0
3561.0
6546.0
12862.0
14110.0
18971.0
10222.0
11609.0
12218.0
12632.0
4919.0
12341.0
1375.0
585.0
15309.0
16461.0
15968.0
8681.0
15494.0
5636.0
19841.0
17008.0
2410.0
4755.0
14977.0
7796.0
3181.0
4496.0
794.0
11133.0
11796.0
9109.0
11401.0
14503.0
1534.0
3816.0
3732.0
19691.0
18692.0
18188.0
18279.0
12860.0
10751.0
17310.0
3653.0
396.0
15641.0
13451.0
11979.0
16919.0
13393.0
4277.0
13495.0
8148.0
10232.0
16572.0
6891.0
9933.0
17436.0
9363.0
8378.0
11709.0
19517.0
14263.0
4624.0
14768.0
8409.0
16958.0
1113.0
356.0
7272.0
15633.0
1557.0
19343.0
9030.0
8528.0
18947.0
18905.0
2199.0
16473.0
11892.0
19631.0
7046.0
7061.0
4747.0
7995.0
19551.0
18212.0
16054.0
9600.0
5176.0
180.0
16596.0
16808.0
4348.0
14497.0
10822.0
1739.0
12162.0
12836.0
19454.0
17359.0
3545.0
17652.0
2532.0
9559.0
18601.0
3369.0
5787.0
13670.0
6968.0
11761.0
2305.0
16188.0
16862.0
17239.0
3697.0
14581.0
4435.0
4263.0
9836.0
8653.0
143.0
3519.0
7749.0
17834.0
6210.0
12162.0
6946.0
4140.0
19409.0
5164.0
6895.0
3726.0
19531.0
12907.0
678.0
10404.0
18282.0
17246.0
7970.0
8542.0
17726.0
4349.0
3349.0
3632.0
1743.0
9045.0
4379.0
13101.0
5437.0
10253.0
8659.0
10419.0
8646.0
5272.0
3697.0
1592.0
7883.0
5497.0
899.0
7385.0
4629.0
4209.0
575.0
19066.0
6278.0
2391.0
1125.0
9436.0
15660.0
1913.0
15765.0
4738.0
5752.0
9432.0
6204.0
12550.0
5584.0
17648.0
14513.0
8271.0
16394.0
12016.0
19015.0
4564.0
6020.0
5288.0
19812.0
13908.0
18391.0
19422.0
17245.0
16018.0
5897.0
7080.0
5271.0
8038.0
4135.0
15759.0
6987.0
18054.0
4339.0
10617.0
3188.0
15662.0
934.0
16604.0
3474.0
4210.0
7941.0
14990.0
14370.0
6993.0
12930.0
6770.0
10428.0
1958.0
2164.0
1486.0
4976.0
5243.0
13799.0
8142.0
9727.0
11568.0
1870.0
12405.0
18845.0
7127.0
16736.0
10963.0
6227.0
11447.0
3319.0
14842.0
3686.0
6813.0
9330.0
9031.0
15924.0
10699.0
10708.0
1278.0
17322.0
6147.0
10300.0
13561.0
4191.0
13763.0
17801.0
13041.0
15459.0
5062.0
10327.0
555.0
14704.0
17808.0
2475.0
15938.0
6202.0
1482.0
661.0
16558.0
1712.0
16028.0
3417.0
2303.0
1999.0
19091.0
8014.0
7879.0
18269.0
14261.0
19504.0
7729.0
18514.0
1696.0
6659.0
9112.0
10789.0
14610.0
1888.0
10965.0
13471.0
1635.0
19857.0
2426.0
5195.0
9049.0
13567.0
5215.0
18541.0
11581.0
10146.0
9630.0
8955.0
18960.0
7495.0
13476.0
17836.0
12711.0
10606.0
10436.0
8641.0
6811.0
2635.0
14571.0
15321.0
15517.0
3987.0
3907.0
6251.0
3634.0
11198.0
8218.0
5649.0
908.0
2019.0
1891.0
6473.0
4817.0
8640.0
4364.0
14140.0
123.0
921.0
2756.0
17951.0
2343.0
273.0
7831.0
17830.0
9253.0
4326.0
18685.0
19097.0
5444.0
18627.0
3961.0
15259.0
17824.0
14949.0
1805.0
3305.0
11411.0
2471.0
3545.0
6922.0
6787.0
2334.0
12899.0
2797.0
14299.0
3847.0
1631.0
18027.0
3741.0
2634.0
1638.0
12457.0
9954.0
16357.0
11311.0
1415.0
14515.0
5910.0
2620.0
7460.0
6201.0
2900.0
17759.0
8492.0
7090.0
2220.0
1765.0
14265.0
2444.0
11053.0
8666.0
12960.0
11644.0
10159.0
12421.0
3586.0
9067.0
1081.0
5621.0
13284.0
19734.0
10100.0
15769.0
677.0
8894.0
2788.0
2927.0
6127.0
4638.0
16633.0
17377.0
11673.0
3174.0
1145.0
4272.0
5358.0
17155.0
10955.0
17866.0
9181.0
4411.0
15090.0
2459.0
14197.0
6044.0
15362.0
4332.0
16524.0
19459.0
9013.0
17539.0
10705.0
17285.0
14793.0
12171.0
8138.0
10145.0
18430.0
9956.0
12194.0
12344.0
10392.0
11788.0
2320.0
7789.0
1083.0
16302.0
12739.0
5391.0
2284.0
8039.0
4709.0
5677.0
11839.0
17221.0
8709.0
3914.0
10306.0
19765.0
5598.0
14645.0
17209.0
13671.0
11197.0
4186.0
3970.0
12153.0
4139.0
15565.0
5885.0
16226.0
9560.0
11174.0
2434.0
10585.0
5978.0
16217.0
16752.0
1090.0
4366.0
603.0
1139.0
11983.0
7409.0
3625.0
1463.0
12233.0
5618.0
18437.0
18287.0
11847.0
444.0
3078.0
1138.0
8419.0
13217.0
17088.0
15486.0
17133.0
13148.0
2914.0
13657.0
10849.0
11105.0
5527.0
18997.0
17425.0
11704.0
8899.0
10307.0
3531.0
2468.0
2387.0
12864.0
9955.0
16692.0
11236.0
5473.0
4244.0
7608.0
16135.0
12990.0
7445.0
1655.0
7670.0
10343.0
15121.0
5291.0
10294.0
14697.0
10778.0
9299.0
1550.0
17625.0
18298.0
15261.0
5527.0
17149.0
5328.0
10463.0
2437.0
17230.0
12409.0
17713.0
14372.0
2644.0
9856.0
8922.0
5070.0
4892.0
3134.0
8990.0
17275.0
17862.0
11066.0
11841.0
9879.0
14390.0
14667.0
229.0
13860.0
1863.0
17714.0
9480.0
16828.0
13552.0
7720.0
19805.0
2026.0
4864.0
16527.0
5027.0
3241.0
15875.0
208.0
16961.0
18118.0
6415.0
12110.0
14184.0
10955.0
19175.0
8135.0
5019.0
14873.0
8332.0
17244.0
1936.0
18884.0
16769.0
8542.0
11360.0
4541.0
6569.0
4112.0
13226.0
7453.0
14129.0
8096.0
11961.0
181.0
7491.0
2822.0
6944.0
6656.0
3724.0
3024.0
14100.0
2343.0
7833.0
12870.0
4812.0
3840.0
16380.0
13615.0
19489.0
4529.0
6124.0
16154.0
573.0
5256.0
3426.0
10516.0
938.0
16904.0
18647.0
6468.0
15288.0
15102.0
9674.0
3548.0
19984.0
14144.0
7837.0
13731.0
17081.0
9249.0
16612.0
5929.0
15747.0
2437.0
8863.0
8795.0
3302.0
6057.0
13791.0
13572.0
2678.0
16900.0
5836.0
12162.0
8354.0
8415.0
12599.0
697.0
3821.0
17483.0
1606.0
5549.0
19100.0
6257.0
18359.0
6057.0
547.0
9485.0
5063.0
1103.0
3583.0
5580.0
12376.0
6849.0
633.0
2237.0
13322.0
11669.0
18502.0
13257.0
3738.0
19478.0
15503.0
14422.0
2882.0
13969.0
16127.0
13324.0
4878.0
11570.0
3714.0
6637.0
2534.0
16564.0
14823.0
7680.0
3852.0
8583.0
19187.0
446.0
8517.0
5381.0
8860.0
18750.0
18035.0
7335.0
9665.0
17067.0
8118.0
3903.0
17447.0
3256.0
13775.0
7615.0
12543.0
13055.0
1350.0
16536.0
6134.0
6470.0
12205.0
9128.0
4770.0
14308.0
14341.0
5978.0
12662.0
9898.0
4915.0
6559.0
14452.0
16072.0
14973.0
6314.0
13705.0
19282.0
4259.0
3829.0
17146.0
13121.0
10462.0
628.0
1053.0
1560.0
1991.0
198.0
11852.0
7340.0
5758.0
7714.0
7271.0
14606.0
5831.0
19786.0
12407.0
9945.0
10582.0
531.0
8303.0
3337.0
734.0
7685.0
17126.0
1602.0
12125.0
1897.0
9430.0
6921.0
11557.0
7892.0
14999.0
11555.0
17889.0
11747.0
7672.0
10424.0
883.0
18398.0
11474.0
15716.0
765.0
7186.0
3433.0
13349.0
5464.0
11529.0
586.0
1732.0
10503.0
11814.0
415.0
142.0
14108.0
17760.0
7944.0
5302.0
957.0
15845.0
16318.0
4671.0
7819.0
17202.0
16675.0
17862.0
827.0
11410.0
7182.0
369.0
17093.0
12274.0
13217.0
9861.0
4468.0
8302.0
16785.0
9737.0
2339.0
19717.0
19298.0
17371.0
9560.0
13705.0
4874.0
7606.0
4771.0
13940.0
8194.0
16968.0
11140.0
19439.0
9910.0
12677.0
18556.0
17373.0
13785.0
7295.0
2637.0
6766.0
6485.0
8237.0
4854.0
9964.0
9192.0
9968.0
4936.0
15881.0
2034.0
13089.0
218.0
4420.0
6858.0
19285.0
5018.0
11429.0
3349.0
10437.0
10357.0
3578.0
14615.0
10262.0
13484.0
19822.0
16169.0
6800.0
1541.0
4383.0
10739.0
13956.0
10103.0
8913.0
4728.0
14079.0
19780.0
7156.0
10517.0
12665.0
10213.0
10699.0
8919.0
17488.0
12121.0
14925.0
18661.0
9620.0
5925.0
17211.0
928.0
12182.0
16327.0
15243.0
9011.0
12196.0
9108.0
2662.0
2806.0
5137.0
879.0
16969.0
11004.0
13965.0
12041.0
9126.0
5988.0
14600.0
10754.0
9290.0
8654.0
3894.0
17800.0
1055.0
5192.0
544.0
12516.0
8545.0
2832.0
9564.0
562.0
2589.0
4675.0
2345.0
18191.0
7374.0
8290.0
5614.0
6913.0
3913.0
7246.0
2964.0
1661.0
14409.0
8812.0
1975.0
6139.0
12318.0
1288.0
10846.0
9384.0
12202.0
7342.0
16501.0
629.0
18373.0
14779.0
4662.0
6965.0
16737.0
3763.0
10505.0
2603.0
14247.0
16077.0
8068.0
8533.0
11745.0
18815.0
10202.0
19022.0
11893.0
3245.0
9403.0
2837.0
9392.0
18220.0
684.0
2117.0
17271.0
18196.0
10344.0
15460.0
5438.0
14260.0
1213.0
12427.0
14879.0
15608.0
7607.0
14882.0
8177.0
14334.0
7381.0
5026.0
15147.0
14091.0
5824.0
17598.0
18686.0
250.0
14739.0
2815.0
8450.0
17157.0
3527.0
18343.0
12042.0
17734.0
8864.0
1469.0
2591.0
12791.0
6768.0
12407.0
17101.0
9673.0
18063.0
4375.0
14198.0
3083.0
10963.0
3372.0
11566.0
4821.0
12552.0
18594.0
11313.0
568.0
7973.0
797.0
2584.0
10887.0
17694.0
15184.0
12208.0
12449.0
15167.0
4705.0
11459.0
14674.0
753.0
554.0
16105.0
3683.0
10536.0
12925.0
15202.0
17551.0
9398.0
4598.0
14923.0
9878.0
6099.0
10472.0
486.0
9274.0
9670.0
15772.0
4419.0
8916.0
441.0
10010.0
18443.0
10665.0
4627.0
8608.0
10482.0
3599.0
6049.0
1719.0
15845.0
17698.0
3652.0
13657.0
18543.0
13287.0
15207.0
9473.0
17525.0
6628.0
4307.0
4042.0
7283.0
11392.0
6050.0
14952.0
9713.0
13020.0
12447.0
8608.0
6582.0
9826.0
7357.0
17371.0
2822.0
5807.0
5118.0
9214.0
14133.0
18229.0
18133.0
18797.0
16131.0
16336.0
158.0
4171.0
2986.0
17798.0
3472.0
6661.0
13181.0
15862.0
1603.0
11181.0
11797.0
15505.0
12189.0
14384.0
17004.0
15759.0
9679.0
8302.0
11626.0
14111.0
4775.0
14563.0
13002.0
963.0
2561.0
2741.0
15742.0
13847.0
19700.0
13479.0
16480.0
3399.0
18485.0
1272.0
15881.0
4017.0
6964.0
13931.0
10892.0
3032.0
6321.0
5267.0
1384.0
9658.0
2909.0
16297.0
19845.0
8866.0
5499.0
3616.0
2547.0
15055.0
2916.0
7392.0
4603.0
2350.0
17474.0
11796.0
3988.0
8532.0
7553.0
17406.0
9556.0
17524.0
3970.0
11356.0
16079.0
14497.0
19854.0
18172.0
5201.0
11704.0
14272.0
4186.0
1693.0
14302.0
17378.0
349.0
9971.0
2658.0
18698.0
12372.0
322.0
9060.0
19405.0
10652.0
15053.0
5652.0
8575.0
136.0
9592.0
15196.0
5606.0
16686.0
1308.0
1326.0
17087.0
2310.0
16008.0
15354.0
2537.0
18376.0
1942.0
12496.0
15622.0
10449.0
15875.0
2784.0
19621.0
2785.0
1672.0
11632.0
19434.0
14445.0
15014.0
5207.0
16566.0
19234.0
17433.0
11042.0
17649.0
397.0
780.0
7837.0
3360.0
1369.0
17185.0
10064.0
4000.0
14987.0
12440.0
13626.0
6875.0
576.0
19906.0
4098.0
11744.0
4675.0
16529.0
14448.0
14065.0
18890.0
13561.0
12147.0
4784.0
14867.0
14014.0
3283.0
3275.0
7555.0
8507.0
7616.0
14801.0
13091.0
2729.0
8637.0
13888.0
8666.0
13356.0
6798.0
12731.0
16440.0
9242.0
12918.0
9706.0
6762.0
10081.0
15098.0
19164.0
18398.0
11859.0
6082.0
12049.0
9603.0
19484.0
14375.0
4943.0
16950.0
17144.0
8625.0
5570.0
6858.0
6151.0
9548.0
10970.0
424.0
11121.0
10125.0
11642.0
11340.0
2690.0
10981.0
9352.0
17061.0
12396.0
2187.0
16319.0
158.0
3183.0
5367.0
663.0
14991.0
12500.0
3676.0
5861.0
17382.0
11085.0
4286.0
1228.0
17489.0
6441.0
11986.0
16495.0
7846.0
1406.0
120.0
18925.0
19795.0
8317.0
12454.0
11135.0
464.0
18103.0
17302.0
14308.0
4606.0
5840.0
13421.0
3390.0
16211.0
6775.0
11364.0
8882.0
5090.0
1489.0
5815.0
3195.0
9466.0
8023.0
19344.0
12394.0
15395.0
6302.0
12778.0
8337.0
242.0
6370.0
4090.0
6387.0
15868.0
12293.0
10462.0
5997.0
14191.0
12313.0
19871.0
10268.0
6095.0
5241.0
14776.0
3617.0
7510.0
19097.0
5795.0
1471.0
2850.0
10164.0
15601.0
15824.0
14804.0
2500.0
5462.0
6194.0
16550.0
16241.0
7313.0
5172.0
3246.0
14536.0
18262.0
15002.0
9840.0
5431.0
17427.0
18676.0
14621.0
3347.0
18353.0
8914.0
3931.0
7644.0
8480.0
15825.0
1121.0
14594.0
6764.0
19527.0
19455.0
4100.0
15508.0
12315.0
11193.0
14706.0
17976.0
14687.0
2470.0
19454.0
16587.0
11972.0
3070.0
13614.0
2686.0
2109.0
6731.0
6978.0
19824.0
4885.0
13734.0
2697.0
10569.0
11888.0
18557.0
11367.0
14115.0
8859.0
9394.0
13053.0
9537.0
472.0
8135.0
16892.0
11294.0
6980.0
18310.0
2127.0
16465.0
15303.0
4511.0
426.0
16780.0
2908.0
18783.0
15016.0
13292.0
1720.0
10827.0
10033.0
5601.0
2181.0
15594.0
16995.0
6563.0
16803.0
9022.0
6853.0
17999.0
225.0
10831.0
1350.0
7887.0
2094.0
14006.0
19764.0
16140.0
16945.0
675.0
346.0
2109.0
16184.0
13640.0
3794.0
11266.0
3918.0
2515.0
18307.0
14900.0
7246.0
5999.0
108.0
1107.0
6147.0
12335.0
7956.0
4623.0
1028.0
7785.0
7955.0
8074.0
5927.0
18045.0
17010.0
19511.0
524.0
7481.0
12127.0
18946.0
6363.0
15494.0
4820.0
16405.0
16155.0
4410.0
11343.0
12487.0
17685.0
11499.0
8332.0
2750.0
2214.0
1653.0
3235.0
15753.0
14686.0
583.0
14184.0
5834.0
2331.0
9172.0
14865.0
349.0
17737.0
19215.0
9294.0
1341.0
2212.0
17880.0
6460.0
13502.0
8934.0
8719.0
2239.0
6254.0
19665.0
10138.0
7681.0
6686.0
10580.0
17689.0
148.0
2656.0
202.0
5585.0
5317.0
16098.0
9293.0
1729.0
5837.0
3041.0
10617.0
18486.0
12022.0
9607.0
6765.0
13552.0
12992.0
7394.0
16159.0
19674.0
2946.0
11862.0
7100.0
12516.0
11827.0
15595.0
17702.0
6446.0
19799.0
8413.0
9581.0
11652.0
13368.0
16778.0
2666.0
1619.0
14272.0
8029.0
10945.0
15434.0
8586.0
18458.0
7396.0
8902.0
9688.0
12307.0
433.0
2112.0
15631.0
16984.0
9947.0
10576.0
17619.0
6934.0
13162.0
12000.0
4405.0
18559.0
17941.0
19481.0
3884.0
18156.0
8510.0
16766.0
18815.0
18506.0
13053.0
18408.0
12943.0
8123.0
2742.0
6729.0
16907.0
7949.0
16689.0
12369.0
158.0
8054.0
16540.0
13985.0
17526.0
14872.0
6207.0
9725.0
16578.0
9690.0
15335.0
5687.0
15969.0
12942.0
18574.0
2209.0
3503.0
4549.0
3337.0
10669.0
4506.0
4563.0
14254.0
14270.0
13021.0
10373.0
7608.0
11929.0
978.0
19346.0
8109.0
12001.0
13504.0
18580.0
16569.0
8496.0
19259.0
16879.0
444.0
6621.0
15629.0
10287.0
1813.0
2795.0
19835.0
1360.0
17959.0
15914.0
7220.0
9320.0
2891.0
18937.0
14709.0
16506.0
9562.0
11240.0
1409.0
801.0
11250.0
5092.0
6830.0
5432.0
10028.0
15652.0
4376.0
5910.0
10639.0
7223.0
18427.0
1558.0
3088.0
17621.0
15789.0
6936.0
16207.0
6274.0
10107.0
2500.0
7432.0
8276.0
9218.0
12653.0
13168.0
15201.0
13194.0
10439.0
11784.0
11228.0
4439.0
11683.0
11250.0
18939.0
260.0
6880.0
9459.0
16582.0
809.0
16444.0
18260.0
3640.0
4399.0
3930.0
13117.0
1716.0
11423.0
11949.0
17631.0
9057.0
2779.0
10470.0
7629.0
14129.0
5148.0
12766.0
424.0
15454.0
4715.0
2102.0
2254.0
567.0
7347.0
5004.0
12529.0
18634.0
4475.0
4178.0
12894.0
17471.0
6633.0
4517.0
3236.0
11577.0
6107.0
7423.0
7648.0
4200.0
18487.0
1438.0
2564.0
7803.0
7809.0
9083.0
12962.0
2851.0
4345.0
5238.0
9118.0
7684.0
1633.0
7186.0
12040.0
8320.0
10580.0
2612.0
16265.0
12416.0
3232.0
14524.0
9822.0
640.0
13173.0
3951.0
15836.0
4145.0
18988.0
19476.0
1382.0
10047.0
8750.0
4952.0
7970.0
18906.0
3181.0
16143.0
10728.0
16041.0
4851.0
641.0
301.0
14371.0
7378.0
11939.0
8490.0
4794.0
18795.0
4237.0
6879.0
19662.0
16886.0
13450.0
7950.0
11765.0
13336.0
15965.0
10902.0
18291.0
4148.0
12852.0
9682.0
8216.0
16666.0
11045.0
553.0
7078.0
9960.0
444.0
15023.0
4349.0
636.0
12626.0
12558.0
14315.0
12578.0
2682.0
9650.0
1079.0
7904.0
10415.0
15527.0
4132.0
11600.0
19978.0
11556.0
12577.0
8925.0
949.0
17653.0
15021.0
18043.0
17544.0
15353.0
11137.0
9464.0
5935.0
17844.0
18597.0
17404.0
1689.0
6684.0
15909.0
16242.0
18779.0
11037.0
5279.0
6562.0
4318.0
5406.0
5573.0
19122.0
4453.0
10961.0
19493.0
3781.0
17814.0
2629.0
14165.0
941.0
2861.0
15270.0
11700.0
16116.0
14599.0
254.0
18556.0
7511.0
7966.0
7640.0
12785.0
17294.0
16208.0
9919.0
17390.0
6067.0
3224.0
4980.0
1798.0
7194.0
11003.0
2765.0
1543.0
6547.0
5263.0
11716.0
7986.0
3713.0
19455.0
19627.0
12334.0
9807.0
4781.0
6360.0
10733.0
3986.0
4053.0
3040.0
6388.0
8408.0
11840.0
16663.0
12426.0
2939.0
13302.0
18476.0
6393.0
16168.0
3202.0
2013.0
10568.0
12625.0
4158.0
11770.0
6754.0
14928.0
18876.0
6341.0
1528.0
15854.0
10867.0
3649.0
14938.0
5056.0
11663.0
16129.0
18444.0
3837.0
15515.0
8399.0
7479.0
14589.0
11838.0
14082.0
17581.0
8078.0
15893.0
18508.0
8494.0
10871.0
10134.0
5086.0
11575.0
16982.0
5646.0
1631.0
4824.0
3412.0
10466.0
17440.0
18502.0
15347.0
18683.0
8342.0
4799.0
15838.0
2171.0
6999.0
9204.0
2076.0
547.0
2096.0
13866.0
5467.0
5733.0
19460.0
206.0
1926.0
5721.0
11653.0
8500.0
477.0
8935.0
10220.0
4459.0
269.0
15439.0
13773.0
8649.0
2012.0
7264.0
9691.0
12389.0
4413.0
8096.0
15714.0
8221.0
14602.0
15512.0
8863.0
10292.0
2223.0
7322.0
9478.0
12862.0
5969.0
7675.0
11321.0
14108.0
10982.0
6647.0
8052.0
6797.0
2993.0
19187.0
19736.0
17525.0
13850.0
9309.0
4357.0
19697.0
9223.0
18528.0
2431.0
7553.0
7601.0
2865.0
12251.0
17619.0
8243.0
13877.0
600.0
13073.0
18147.0
5675.0
19839.0
176.0
3801.0
16300.0
4500.0
6578.0
11171.0
3944.0
1638.0
93.0
15279.0
18340.0
5518.0
5005.0
7313.0
5176.0
8601.0
1009.0
15774.0
9935.0
13069.0
2756.0
2630.0
1325.0
18034.0
13942.0
4755.0
931.0
6614.0
9829.0
16397.0
2052.0
16089.0
16184.0
12844.0
2757.0
9878.0
19991.0
19657.0
14727.0
8860.0
13963.0
8494.0
2668.0
5563.0
7104.0
10020.0
7966.0
13718.0
16673.0
12204.0
8365.0
12975.0
14433.0
9302.0
10280.0
15934.0
11205.0
8180.0
280.0
6243.0
6942.0
15531.0
17209.0
8838.0
8439.0
6054.0
10221.0
2190.0
19943.0
9863.0
15440.0
8123.0
2335.0
15320.0
12168.0
8008.0
17179.0
14019.0
4820.0
6114.0
9540.0
10514.0
15017.0
18056.0
2919.0
10552.0
11009.0
10867.0
18072.0
3325.0
8315.0
7951.0
15983.0
1971.0
12.0
19107.0
2988.0
1560.0
15601.0
4.0
15860.0
2369.0
17884.0
18716.0
9220.0
9758.0
4345.0
17629.0
6328.0
3603.0
6599.0
8044.0
16105.0
12487.0
10429.0
846.0
8543.0
15586.0
45.0
10850.0
11131.0
4825.0
15552.0
7072.0
2379.0
4332.0
5502.0
10500.0
16898.0
3125.0
6721.0
4392.0
17837.0
4710.0
9545.0
13914.0