1000 50
1735.0
1498.0
1659.0
924.0
784.0
247.0
1130.0
1330.0
908.0
56.0
1620.0
781.0
498.0
673.0
1703.0
1895.0
1502.0
1291.0
303.0
642.0
1935.0
1690.0
1658.0
1627.0
840.0
1010.0
1085.0
1873.0
1189.0
1661.0
460.0
763.0
14.0
1752.0
40.0
445.0
1732.0
1319.0
281.0
33.0
1400.0
1452.0
310.0
988.0
376.0
353.0
1604.0
895.0
1585.0
1924.0
381.0
1538.0
1636.0
1581.0
576.0
1109.0
1218.0
1929.0
1657.0
514.0
1731.0
922.0
1506.0
163.0
838.0
1024.0
259.0
1550.0
595.0
602.0
671.0
595.0
822.0
221.0
1737.0
769.0
1866.0
145.0
73.0
48.0
1875.0
1307.0
1492.0
519.0
1506.0
1290.0
40.0
572.0
1877.0
284.0
208.0
764.0
348.0
713.0
1925.0
560.0
572.0
882.0
1227.0
1452.0
249.0
932.0
293.0
1545.0
779.0
1672.0
1985.0
156.0
358.0
1920.0
16.0
1872.0
1969.0
1708.0
1985.0
924.0
1170.0
546.0
1888.0
142.0
1438.0
1453.0
1291.0
307.0
1432.0
1535.0
1072.0
1886.0
1879.0
1444.0
678.0
1283.0
245.0
708.0
1494.0
1640.0
1402.0
1176.0
1766.0
1922.0
1374.0
649.0
1873.0
652.0
497.0
665.0
1658.0
285.0
1935.0
1583.0
1832.0
574.0
1860.0
315.0
267.0
109.0
86.0
1545.0
494.0
1250.0
1880.0
1010.0
951.0
198.0
393.0
688.0
1974.0
1285.0
354.0
1189.0
856.0
1221.0
192.0
1811.0
774.0
502.0
1242.0
620.0
534.0
1255.0
644.0
463.0
360.0
1432.0
1632.0
821.0
1071.0
1410.0
1119.0
1057.0
328.0
1621.0
1797.0
1883.0
1176.0
892.0
417.0
1157.0
846.0
1641.0
1887.0
1959.0
545.0
167.0
69.0
114.0
646.0
1881.0
1596.0
1275.0
101.0
522.0
141.0
1716.0
111.0
1706.0
1957.0
1027.0
1582.0
403.0
761.0
1003.0
1245.0
290.0
1270.0
841.0
203.0
1570.0
1704.0
186.0
592.0
88.0
1460.0
1217.0
31.0
1520.0
508.0
1460.0
1117.0
312.0
803.0
551.0
361.0
931.0
1977.0
968.0
67.0
1845.0
430.0
1794.0
708.0
332.0
1208.0
1512.0
693.0
913.0
857.0
1146.0
677.0
579.0
1084.0
159.0
874.0
575.0
289.0
869.0
325.0
1721.0
1826.0
1794.0
828.0
579.0
395.0
1453.0
1238.0
1276.0
1809.0
1316.0
191.0
1224.0
1769.0
1784.0
1420.0
120.0
1898.0
1778.0
1494.0
1582.0
1644.0
1720.0
15.0
1977.0
1325.0
272.0
638.0
1640.0
1915.0
193.0
1241.0
1363.0
290.0
1382.0
845.0
855.0
285.0
1860.0
1494.0
1639.0
1500.0
1588.0
1030.0
691.0
25.0
1342.0
1618.0
493.0
1434.0
1025.0
1197.0
1242.0
1710.0
808.0
742.0
1590.0
1275.0
1259.0
989.0
441.0
1967.0
1027.0
755.0
121.0
962.0
1077.0
134.0
880.0
80.0
1834.0
77.0
898.0
1746.0
1923.0
925.0
1447.0
250.0
1084.0
291.0
1057.0
826.0
1027.0
610.0
434.0
1401.0
359.0
1180.0
23.0
794.0
242.0
948.0
1543.0
473.0
1492.0
1876.0
1722.0
295.0
92.0
815.0
36.0
804.0
264.0
1533.0
1396.0
1988.0
1904.0
825.0
352.0
1795.0
869.0
921.0
424.0
1784.0
1362.0
1146.0
144.0
152.0
1806.0
846.0
1376.0
933.0
1530.0
701.0
1055.0
1721.0
425.0
1196.0
617.0
240.0
1850.0
1930.0
1806.0
1196.0
1649.0
284.0
673.0
1022.0
36.0
815.0
705.0
1235.0
173.0
907.0
1511.0
1803.0
971.0
31.0
1774.0
879.0
1141.0
148.0
1579.0
491.0
503.0
737.0
247.0
1693.0
860.0
1572.0
637.0
1661.0
1647.0
1740.0
1578.0
870.0
1817.0
1697.0
1456.0
841.0
1022.0
228.0
772.0
1797.0
962.0
1865.0
20.0
132.0
1720.0
1195.0
1891.0
13.0
39.0
693.0
1351.0
518.0
1422.0
1669.0
657.0
665.0
483.0
1658.0
172.0
1470.0
1438.0
1829.0
76.0
96.0
1695.0
814.0
899.0
819.0
337.0
900.0
398.0
1644.0
182.0
412.0
1928.0
510.0
1398.0
1987.0
1454.0
1435.0
443.0
1056.0
1506.0
665.0
1307.0
336.0
1752.0
1099.0
1816.0
195.0
1257.0
397.0
1852.0
1003.0
1654.0
1589.0
1267.0
1244.0
1516.0
810.0
456.0
634.0
652.0
1313.0
1741.0
1645.0
89.0
332.0
380.0
1872.0
599.0
1605.0
1227.0
775.0
669.0
232.0
355.0
367.0
300.0
1453.0
1146.0
1961.0
1340.0
528.0
1410.0
1949.0
51.0
197.0
563.0
259.0
488.0
1665.0
663.0
1658.0
1587.0
1891.0
758.0
1787.0
1099.0
1754.0
476.0
1450.0
1275.0
631.0
604.0
255.0
316.0
1289.0
120.0
1065.0
825.0
187.0
7.0
159.0
1170.0
440.0
441.0
1803.0
1494.0
893.0
37.0
1892.0
766.0
1189.0
1141.0
209.0
1696.0
197.0
1003.0
101.0
1779.0
912.0
446.0
1021.0
916.0
1789.0
1498.0
464.0
967.0
947.0
1908.0
1312.0
996.0
81.0
1927.0
953.0
1245.0
1860.0
1741.0
857.0
742.0
1949.0
1953.0
1557.0
540.0
1681.0
1060.0
1064.0
1732.0
1158.0
360.0
1709.0
424.0
524.0
1294.0
492.0
773.0
777.0
1783.0
1679.0
640.0
1519.0
1739.0
918.0
1351.0
1049.0
121.0
1678.0
764.0
1317.0
1711.0
24.0
1208.0
640.0
1040.0
1762.0
33.0
654.0
1693.0
1471.0
1723.0
1420.0
597.0
1234.0
192.0
1010.0
1673.0
156.0
569.0
1727.0
1270.0
943.0
1872.0
1071.0
15.0
650.0
1481.0
1042.0
1285.0
362.0
1254.0
1327.0
370.0
1958.0
435.0
177.0
878.0
25.0
641.0
1805.0
1034.0
1431.0
1086.0
709.0
224.0
544.0
7.0
1153.0
1184.0
842.0
1915.0
1773.0
890.0
1490.0
1821.0
1177.0
282.0
1973.0
644.0
1929.0
768.0
1149.0
1245.0
139.0
1455.0
1445.0
5.0
564.0
373.0
116.0
1176.0
284.0
457.0
782.0
852.0
1094.0
1978.0
997.0
258.0
185.0
1422.0
1613.0
1999.0
682.0
783.0
829.0
1553.0
729.0
337.0
1970.0
1734.0
174.0
549.0
210.0
644.0
221.0
1653.0
190.0
65.0
1927.0
1822.0
1431.0
1303.0
1874.0
1190.0
193.0
257.0
403.0
547.0
1605.0
996.0
1715.0
313.0
8.0
1770.0
328.0
486.0
1394.0
799.0
659.0
24.0
865.0
1084.0
673.0
996.0
1745.0
729.0
1255.0
126.0
402.0
7.0
1535.0
1424.0
1097.0
697.0
92.0
1335.0
141.0
916.0
121.0
507.0
1787.0
1375.0
319.0
1756.0
1759.0
94.0
934.0
330.0
501.0
141.0
1925.0
979.0
1386.0
1825.0
290.0
1467.0
1472.0
1775.0
65.0
478.0
1544.0
1773.0
1036.0
1522.0
139.0
1490.0
1760.0
1549.0
287.0
1464.0
55.0
1641.0
1704.0
808.0
1086.0
1887.0
1471.0
1021.0
1844.0
1341.0
424.0
1729.0
1527.0
196.0
945.0
126.0
1535.0
1062.0
116.0
741.0
946.0
850.0
32.0
608.0
83.0
1831.0
1804.0
643.0
1510.0
1695.0
1313.0
1480.0
348.0
159.0
1900.0
1618.0
552.0
823.0
710.0
1373.0
1319.0
187.0
1828.0
764.0
960.0
1583.0
1267.0
868.0
72.0
795.0
1299.0
300.0
1851.0
200.0
1342.0
853.0
1717.0
1403.0
620.0
158.0
827.0
1116.0
1057.0
96.0
1647.0
1358.0
1489.0
1802.0
1292.0
1659.0
1097.0
1849.0
197.0
1969.0
1735.0
1977.0
953.0
1002.0
1324.0
339.0
251.0
1721.0
891.0
780.0
1786.0
1921.0
922.0
1495.0
130.0
1642.0
1515.0
1598.0
1416.0
1895.0
481.0
1661.0
1388.0
93.0
1804.0
1488.0
1490.0
52.0
1239.0
391.0
1616.0
1283.0
164.0
438.0
1660.0
1914.0
1626.0
367.0
1736.0
1104.0
48.0
547.0
1283.0
1852.0
537.0
1781.0
1601.0
641.0
994.0
1872.0
1510.0
1023.0
1578.0
943.0
657.0
699.0
1514.0
394.0
291.0
887.0
394.0
753.0
1074.0
1881.0
121.0
1460.0
1176.0
5.0
353.0
714.0
585.0
139.0
769.0
147.0
965.0
673.0
1904.0
1624.0
929.0
1494.0
1935.0
1860.0
584.0
1201.0
1984.0
1555.0
1273.0
624.0
1164.0
1533.0
127.0
171.0
511.0
1713.0
145.0
1600.0
1905.0
793.0
341.0
738.0
45.0
35.0
980.0
1194.0
1987.0
1602.0
1966.0
490.0
433.0
1134.0
86.0
1202.0
1141.0
1544.0
1800.0
1529.0
95.0
241.0
1702.0
581.0
1300.0
366.0
1383.0
1150.0
1737.0
1423.0
1194.0
1986.0
252.0
324.0
1034.0
1439.0
885.0
754.0