10000 5000
18047.0
7486.0
17120.0
16872.0
3543.0
3607.0
8.0
2598.0
19719.0
4171.0
16285.0
476.0
5114.0
19178.0
14857.0
15139.0
17243.0
9773.0
13687.0
11817.0
1949.0
8491.0
11335.0
13986.0
11878.0
4737.0
13050.0
18804.0
11447.0
223.0
6121.0
11292.0
9922.0
924.0
2971.0
5557.0
8589.0
13722.0
13818.0
4568.0
18814.0
16783.0
10009.0
6378.0
4846.0
1600.0
9434.0
17711.0
9875.0
10189.0
1458.0
7126.0
13011.0
11582.0
15594.0
13262.0
16396.0
6543.0
13462.0
17255.0
13806.0
1762.0
17118.0
5331.0
18250.0
8729.0
708.0
11255.0
16223.0
17561.0
7620.0
10245.0
10405.0
2781.0
8366.0
11860.0
12560.0
18220.0
14316.0
19948.0
18795.0
19805.0
6546.0
4044.0
8377.0
5371.0
7751.0
16238.0
7748.0
18538.0
6706.0
19159.0
752.0
833.0
1514.0
1025.0
5429.0
10266.0
17627.0
14399.0
15914.0
16889.0
16050.0
15491.0
13711.0
16038.0
10533.0
9951.0
2522.0
14224.0
7735.0
10363.0
2107.0
16303.0
5945.0
17020.0
17289.0
10137.0
1286.0
12691.0
14834.0
17396.0
3521.0
8167.0
8868.0
14241.0
18471.0
2997.0
9275.0
17676.0
12271.0
14868.0
1843.0
14067.0
10433.0
4538.0
1934.0
11212.0
6459.0
550.0
2941.0
19762.0
9924.0
3096.0
7899.0
9723.0
2891.0
11994.0
4495.0
13712.0
14737.0
9443.0
19176.0
13617.0
8036.0
11361.0
17206.0
13371.0
121.0
3636.0
14949.0
11606.0
4830.0
18385.0
14794.0
18167.0
5888.0
18410.0
3931.0
7031.0
8099.0
15852.0
19614.0
360.0
2952.0
12060.0
11638.0
14892.0
1684.0
3401.0
13153.0
1464.0
14675.0
11071.0
9636.0
6860.0
18996.0
4163.0
5404.0
8515.0
16196.0
14844.0
9096.0
8106.0
11462.0
589.0
9994.0
7751.0
17210.0
11714.0
17142.0
10821.0
13688.0
13543.0
16344.0
12523.0
7033.0
127.0
5906.0
15605.0
9130.0
6387.0
11053.0
5681.0
10929.0
1564.0
6234.0
786.0
19122.0
7857.0
10662.0
19048.0
9343.0
5758.0
9106.0
11378.0
13674.0
16766.0
7335.0
11151.0
14691.0
1429.0
6358.0
16197.0
14655.0
4481.0
8910.0
16905.0
13665.0
186.0
18465.0
350.0
9599.0
16562.0
13010.0
8602.0
9094.0
8328.0
19431.0
17323.0
19586.0
2697.0
8467.0
13795.0
8260.0
5548.0
16169.0
16740.0
18153.0
9595.0
18314.0
8795.0
17903.0
17478.0
12859.0
8692.0
15198.0
3895.0
7503.0
16481.0
1172.0
15314.0
7979.0
9419.0
2727.0
16962.0
10126.0
9304.0
15638.0
2096.0
15498.0
14974.0
634.0
18438.0
18816.0
9848.0
7333.0
9569.0
1899.0
5816.0
6055.0
8144.0
1030.0
9065.0
15130.0
15017.0
3402.0
2206.0
19621.0
14109.0
18006.0
2651.0
6781.0
8020.0
18753.0
820.0
7777.0
12423.0
125.0
14371.0
9173.0
188.0
4822.0
2198.0
13090.0
19653.0
3879.0
4980.0
19841.0
2131.0
9885.0
6558.0
2892.0
9769.0
18210.0
7450.0
8874.0
13390.0
5672.0
14239.0
3953.0
16048.0
496.0
6636.0
8402.0
16528.0
10488.0
1851.0
8196.0
14541.0
8387.0
4889.0
3283.0
6957.0
18321.0
4895.0
8895.0
2743.0
1161.0
17319.0
15460.0
6002.0
19090.0
1112.0
12643.0
16917.0
17573.0
14903.0
4381.0
11737.0
17565.0
6940.0
16052.0
6773.0
13268.0
13897.0
13412.0
16711.0
16829.0
14076.0
506.0
12279.0
5724.0
1933.0
3037.0
1317.0
19473.0
9252.0
9892.0
10162.0
7053.0
16367.0
348.0
9205.0
16590.0
19599.0
4829.0
2587.0
15428.0
17291.0
3360.0
13690.0
2149.0
4501.0
2391.0
1268.0
13479.0
6053.0
7409.0
11852.0
13188.0
16700.0
5521.0
2190.0
7540.0
8311.0
14546.0
567.0
13388.0
2960.0
10806.0
15066.0
18946.0
6878.0
19149.0
575.0
3593.0
7603.0
13676.0
2115.0
3038.0
12486.0
7862.0
19233.0
2192.0
8255.0
1803.0
7347.0
2812.0
11753.0
10313.0
8850.0
15403.0
16595.0
8704.0
13594.0
10716.0
5329.0
14134.0
14620.0
14929.0
14405.0
16216.0
7547.0
7795.0
17231.0
14679.0
572.0
12905.0
13906.0
1377.0
9280.0
18162.0
5262.0
7701.0
16603.0
1595.0
18301.0
12460.0
16147.0
10275.0
15112.0
17423.0
15277.0
19471.0
7756.0
2038.0
12516.0
1664.0
17231.0
14570.0
3265.0
2054.0
12082.0
8590.0
11226.0
8943.0
933.0
17658.0
11727.0
6051.0
9604.0
16429.0
17016.0
17366.0
15051.0
13682.0
18722.0
5809.0
7106.0
13912.0
3932.0
2655.0
10705.0
10205.0
957.0
11156.0
6540.0
5609.0
17436.0
18835.0
13385.0
1115.0
2160.0
17988.0
10345.0
1513.0
9258.0
14381.0
19986.0
16146.0
19240.0
9367.0
12524.0
5376.0
9211.0
9794.0
17768.0
12814.0
3548.0
9543.0
2945.0
7902.0
16674.0
9796.0
5393.0
19967.0
11778.0
2655.0
9849.0
9979.0
19252.0
11593.0
8507.0
12853.0
9934.0
3585.0
7753.0
9790.0
4827.0
11137.0
538.0
3015.0
13740.0
10252.0
2135.0
5069.0
12634.0
17920.0
9918.0
14606.0
5669.0
5092.0
795.0
11539.0
16328.0
640.0
12231.0
1850.0
11522.0
17341.0
13156.0
14458.0
4955.0
15225.0
9873.0
18476.0
8047.0
521.0
19099.0
19929.0
9200.0
9778.0
19426.0
9464.0
14565.0
14172.0
8666.0
18254.0
8335.0
19321.0
11592.0
11151.0
6883.0
16916.0
6883.0
12578.0
16275.0
13562.0
18607.0
8606.0
6512.0
8672.0
936.0
13686.0
19741.0
5006.0
825.0
15215.0
254.0
19664.0
8224.0
18438.0
2986.0
15049.0
15030.0
19544.0
15733.0
11624.0
7495.0
5777.0
11984.0
12024.0
1106.0
4332.0
8575.0
1446.0
4633.0
5902.0
186.0
12907.0
4119.0
12934.0
14862.0
11321.0
18374.0
17700.0
5847.0
15958.0
12497.0
17056.0
4198.0
16077.0
8586.0
7928.0
9424.0
3095.0
16077.0
12506.0
8863.0
2487.0
1322.0
9681.0
13091.0
8119.0
11256.0
18719.0
9235.0
13764.0
8345.0
15666.0
13401.0
6861.0
10646.0
9010.0
2168.0
7246.0
6474.0
9185.0
7822.0
11318.0
944.0
4350.0
17592.0
2375.0
3717.0
2832.0
6286.0
16658.0
12748.0
18494.0
14681.0
9662.0
3441.0
566.0
497.0
17065.0
15812.0
13138.0
10148.0
17150.0
13606.0
16168.0
13725.0
17786.0
14054.0
19545.0
17190.0
4651.0
18875.0
19391.0
3212.0
7770.0
7494.0
10494.0
16768.0
19423.0
1873.0
1888.0
5944.0
4928.0
16696.0
8791.0
1420.0
4440.0
2117.0
15974.0
1785.0
2466.0
6938.0
6774.0
392.0
19551.0
531.0
8823.0
6691.0
6506.0
11144.0
16746.0
2566.0
10488.0
856.0
1579.0
15117.0
10107.0
19743.0
12335.0
1431.0
12226.0
5136.0
12097.0
1052.0
360.0
4928.0
17782.0
10904.0
11772.0
17936.0
17381.0
1383.0
6779.0
11989.0
2634.0
1511.0
12496.0
4673.0
1311.0
4686.0
14605.0
19032.0
14976.0
15479.0
2034.0
1360.0
9140.0
5813.0
6247.0
8650.0
19633.0
3243.0
6975.0
9087.0
8579.0
16828.0
5030.0
19567.0
3754.0
15549.0
2615.0
8999.0
10972.0
17930.0
10987.0
2001.0
11400.0
748.0
3965.0
1366.0
14622.0
16653.0
15663.0
3216.0
9706.0
10432.0
3714.0
14363.0
6073.0
5145.0
8741.0
11186.0
1841.0
19281.0
759.0
593.0
543.0
12006.0
19265.0
19049.0
9791.0
15380.0
12872.0
13275.0
14840.0
9897.0
8595.0
346.0
12966.0
12377.0
6833.0
15027.0
1611.0
10312.0
3955.0
2476.0
10054.0
5920.0
2176.0
15184.0
8481.0
11896.0
11474.0
18301.0
13213.0
14721.0
3519.0
4582.0
2284.0
9460.0
8495.0
921.0
4894.0
16429.0
15490.0
3172.0
16549.0
14510.0
4428.0
5525.0
2996.0
1309.0
12516.0
830.0
8493.0
1155.0
2236.0
15600.0
5133.0
12095.0
6135.0
4692.0
1752.0
4367.0
3288.0
16812.0
17448.0
19572.0
18658.0
4002.0
10711.0
19360.0
10834.0
8691.0
19772.0
19511.0
5717.0
7187.0
11527.0
5821.0
4515.0
13049.0
19324.0
5545.0
6009.0
14768.0
11665.0
15929.0
13133.0
5551.0
16927.0
13844.0
12928.0
3144.0
14390.0
15852.0
16702.0
15347.0
11232.0
132.0
812.0
2954.0
12074.0
17922.0
17698.0
6897.0
13865.0
15865.0
15192.0
19245.0
4107.0
4962.0
3474.0
9572.0
17721.0
4513.0
8995.0
17414.0
9652.0
4616.0
6662.0
18688.0
2730.0
15787.0
1281.0
9255.0
986.0
7121.0
1932.0
16219.0
8900.0
19507.0
1879.0
2253.0
3224.0
13227.0
10770.0
3797.0
13608.0
8414.0
10613.0
19691.0
3079.0
5692.0
1863.0
17491.0
13807.0
15768.0
3015.0
2292.0
17625.0
13221.0
19649.0
9942.0
1839.0
3656.0
11621.0
16797.0
14528.0
10099.0
16800.0
15122.0
6672.0
2567.0
10418.0
14182.0
17450.0
11024.0
15754.0
17575.0
4064.0
4344.0
19263.0
11885.0
16124.0
687.0
5034.0
15842.0
17659.0
13056.0
2879.0
13180.0
12058.0
6265.0
4759.0
16817.0
9233.0
19070.0
7636.0
4986.0
14133.0
1447.0
11531.0
18433.0
2848.0
16411.0
6265.0
1680.0
14308.0
13145.0
14029.0
7856.0
15640.0
19568.0
2317.0
15226.0
15118.0
11038.0
6885.0
19757.0
16546.0
2442.0
4816.0
10961.0
12466.0
7035.0
15922.0
7345.0
3025.0
4551.0
1313.0
5969.0
10890.0
2867.0
14551.0
11617.0
18949.0
17244.0
5935.0
1723.0
16282.0
9545.0
16695.0
55.0
4356.0
3231.0
84.0
12451.0
5593.0
10416.0
14095.0
1347.0
11065.0
19125.0
6245.0
11629.0
3654.0
12213.0
18175.0
13405.0
17161.0
11291.0
14202.0
11222.0
13490.0
3975.0
16314.0
17708.0
336.0
15763.0
73.0
12865.0
11145.0
15762.0
17724.0
9301.0
11066.0
9155.0
15379.0
18298.0
7556.0
7029.0
19259.0
14980.0
3352.0
12590.0
15859.0
14778.0
13356.0
8555.0
1303.0
5058.0
8321.0
5939.0
19718.0
15595.0
1504.0
5818.0
14397.0
1070.0
11362.0
2305.0
16085.0
4714.0
7325.0
3396.0
10850.0
15274.0
19997.0
19106.0
3353.0
2720.0
6259.0
18638.0
16190.0
13936.0
11160.0
18857.0
14802.0
14095.0
7997.0
12580.0
8757.0
11078.0
2404.0
6691.0
10186.0
13303.0
11823.0
7065.0
1827.0
14852.0
4348.0
18522.0
2407.0
15992.0
18113.0
6586.0
14381.0
2161.0
15731.0
19319.0
13024.0
18266.0
2018.0
12708.0
12332.0
18325.0
6552.0
15115.0
7164.0
13468.0
4019.0
14574.0
9299.0
5233.0
2336.0
9533.0
5686.0
1496.0
1608.0
6444.0
10762.0
11667.0
3671.0
2546.0
14904.0
15851.0
19390.0
13231.0
16980.0
7690.0
10840.0
14709.0
3298.0
19951.0
15904.0
8334.0
7413.0
9642.0
1215.0
6427.0
5597.0
17755.0
380.0
13549.0
19330.0
7471.0
4838.0
5517.0
17394.0
10808.0
13749.0
1034.0
13594.0
17822.0
16080.0
395.0
12256.0
17931.0
17494.0
10668.0
1644.0
4795.0
1732.0
2957.0
1690.0
12198.0
16643.0
14126.0
8806.0
12512.0
18163.0
7070.0
10838.0
14344.0
8193.0
5481.0
17415.0
8614.0
1405.0
14771.0
1919.0
13335.0
7803.0
19015.0
7525.0
18437.0
18698.0
4428.0
5170.0
8203.0
76.0
8884.0
13022.0
14215.0
4291.0
8110.0
6271.0
3016.0
4672.0
7413.0
6769.0
14201.0
17318.0
5348.0
5788.0
2695.0
7406.0
2967.0
10940.0
8327.0
7241.0
12289.0
14428.0
5952.0
16690.0
8291.0
1718.0
16141.0
17648.0
9326.0
8436.0
550.0
14280.0
16007.0
13213.0
8149.0
10672.0
9603.0
4340.0
17118.0
2048.0
9032.0
3048.0
11783.0
9299.0
8406.0
6239.0
18347.0
5638.0
1353.0
19020.0
8555.0
16396.0
2179.0
17873.0
10523.0
12279.0
3205.0
3806.0
7253.0
19618.0
10246.0
9497.0
11418.0
3378.0
10325.0
1055.0
4490.0
8623.0
13036.0
857.0
12197.0
4001.0
1978.0
15947.0
12437.0
7447.0
7696.0
19376.0
15191.0
18551.0
10858.0
8069.0
18517.0
11328.0
7887.0
14501.0
11183.0
2415.0
10566.0
2763.0
5964.0
15877.0
9799.0
17166.0
8345.0
7683.0
12886.0
14907.0
1120.0
15741.0
15510.0
14640.0
5233.0
602.0
3662.0
15519.0
19371.0
16008.0
6718.0
5486.0
17253.0
1698.0
12141.0
19733.0
6567.0
2314.0
1333.0
4742.0
10485.0
9840.0
5039.0
15612.0
9769.0
845.0
1461.0
7943.0
2547.0
10071.0
5223.0
1280.0
6472.0
5616.0
3620.0
9582.0
4067.0
2798.0
3546.0
12175.0
19369.0
101.0
1547.0
15010.0
3372.0
4418.0
5372.0
5740.0
2073.0
5253.0
18023.0
7884.0
10676.0
1844.0
2189.0
8141.0
16739.0
13295.0
15256.0
5374.0
15277.0
9528.0
3223.0
11885.0
1146.0
10751.0
6273.0
7647.0
7667.0
9019.0
8023.0
1787.0
7354.0
10809.0
17719.0
11489.0
11586.0
18569.0
12109.0
16689.0
3243.0
999.0
14446.0
9737.0
16256.0
16081.0
9571.0
190.0
19645.0
19211.0
1123.0
19217.0
7782.0
12339.0
9482.0
17.0
6642.0
17740.0
7210.0
7032.0
5356.0
7278.0
10815.0
10508.0
5093.0
3778.0
8971.0
1351.0
9987.0
3908.0
8481.0
16408.0
429.0
9870.0
1411.0
19160.0
6382.0
697.0
5683.0
14651.0
18399.0
19821.0
9529.0
14480.0
17499.0
11472.0
1233.0
12371.0
205.0
1483.0
14292.0
18913.0
16196.0
6703.0
3050.0
11950.0
16321.0
5703.0
1098.0
4236.0
6540.0
11211.0
252.0
8175.0
1121.0
11879.0
1145.0
293.0
9217.0
15937.0
13457.0
2754.0
2682.0
5170.0
9950.0
5248.0
18243.0
3629.0
6731.0
10609.0
19450.0
9112.0
10401.0
16302.0
5247.0
15366.0
19485.0
14569.0
18296.0
19802.0
3411.0
6169.0
19086.0
8896.0
2642.0
3838.0
10772.0
9374.0
10488.0
13552.0
8185.0
5675.0
10293.0
14907.0
16262.0
8745.0
6166.0
8168.0
8359.0
19084.0
19976.0
14278.0
13667.0
4122.0
14995.0
5695.0
12576.0
593.0
17193.0
19693.0
10614.0
8904.0
1466.0
9692.0
3372.0
1215.0
10334.0
9224.0
11689.0
11528.0
12561.0
14948.0
19402.0
5197.0
961.0
178.0
10471.0
19083.0
14638.0
9243.0
16224.0
12392.0
442.0
18827.0
10050.0
16719.0
17564.0
17908.0
16368.0
14724.0
14819.0
5155.0
10404.0
17316.0
18938.0
1996.0
161.0
12816.0
19323.0
1661.0
3496.0
13143.0
8476.0
16640.0
8540.0
19627.0
10201.0
4721.0
1925.0
7672.0
5838.0
17578.0
3719.0
2844.0
13510.0
10453.0
4675.0
16674.0
4202.0
13795.0
19131.0
18736.0
7745.0
3869.0
16840.0
10062.0
2973.0
15055.0
13101.0
4039.0
7199.0
15268.0
10858.0
11596.0
12850.0
1539.0
2143.0
9951.0
17785.0
603.0
3039.0
1713.0
1051.0
17723.0
10649.0
11828.0
10302.0
781.0
11588.0
14186.0
3796.0
15878.0
12731.0
17813.0
3928.0
13027.0
18630.0
17807.0
2809.0
15069.0
18518.0
7969.0
6259.0
15624.0
1369.0
19619.0
11145.0
14586.0
14011.0
14962.0
1435.0
928.0
4008.0
3176.0
7296.0
6568.0
4441.0
2990.0
17276.0
9634.0
4336.0
14447.0
13016.0
11110.0
14378.0
6489.0
7794.0
9978.0
267.0
4779.0
16686.0
19298.0
4740.0
8030.0
5484.0
19164.0
1823.0
16960.0
9745.0
15989.0
14057.0
12525.0
1213.0
7157.0
4985.0
19111.0
15507.0
4352.0
6764.0
16281.0
9486.0
19689.0
1378.0
7557.0
11736.0
11735.0
14706.0
2027.0
6709.0
6545.0
11518.0
533.0
9859.0
12024.0
14369.0
7055.0
17478.0
4625.0
18042.0
6969.0
17548.0
17808.0
14025.0
6068.0
984.0
14135.0
3518.0
13459.0
10593.0
4900.0
1018.0
13797.0
17647.0
18835.0
13813.0
6690.0
18311.0
5936.0
11786.0
3412.0
17890.0
9637.0
1300.0
6347.0
16797.0
2937.0
4404.0
181.0
1371.0
4880.0
9794.0
19029.0
6112.0
8990.0
9991.0
9765.0
509.0
12037.0
17743.0
18414.0
2078.0
7957.0
1759.0
3968.0
18652.0
5285.0
4665.0
8031.0
14308.0
10225.0
9156.0
16038.0
14090.0
17637.0
7243.0
11687.0
19092.0
1948.0
19270.0
2129.0
2096.0
14438.0
19043.0
9379.0
8123.0
3782.0
4938.0
5379.0
8318.0
13112.0
15108.0
19315.0
14259.0
9601.0
5049.0
7849.0
8074.0
2742.0
10404.0
18766.0
8875.0
6940.0
12246.0
13648.0
16347.0
13542.0
7831.0
7728.0
15109.0
12593.0
18793.0
19681.0
4239.0
19227.0
89.0
19586.0
1703.0
12122.0
11554.0
3294.0
8238.0
12765.0
11248.0
16886.0
6918.0
15966.0
18924.0
8035.0
1859.0
15660.0
2908.0
15205.0
10578.0
7382.0
3063.0
12826.0
18909.0
18043.0
6710.0
1630.0
14645.0
5855.0
3842.0
17512.0
17367.0
6266.0
18078.0
10443.0
18059.0
1615.0
14712.0
4482.0
17550.0
7560.0
2519.0
12244.0
19137.0
5202.0
12967.0
17868.0
7654.0
13485.0
1457.0
19400.0
16221.0
372.0
8996.0
4381.0
13194.0
14566.0
11049.0
15360.0
17466.0
10447.0
9172.0
4861.0
16081.0
13668.0
3220.0
5080.0
1366.0
16345.0
17156.0
2938.0
5502.0
13278.0
13158.0
10475.0
9668.0
6018.0
4030.0
16991.0
8330.0
4137.0
6939.0
17760.0
18580.0
8439.0
13511.0
12523.0
15620.0
9345.0
19974.0
3458.0
12879.0
17223.0
5004.0
2385.0
14176.0
1092.0
9382.0
4708.0
11109.0
19117.0
9330.0
919.0
8749.0
17291.0
7163.0
7610.0
10353.0
16800.0
8331.0
18924.0
18753.0
18427.0
977.0
13285.0
3446.0
17771.0
7358.0
8937.0
14616.0
14625.0
3377.0
18136.0
14286.0
3681.0
8646.0
11645.0
7466.0
7705.0
13272.0
16669.0
16621.0
16429.0
19769.0
16906.0
6454.0
13969.0
10989.0
7672.0
10331.0
7793.0
15984.0
11559.0
16589.0
1883.0
10697.0
19778.0
8087.0
10778.0
10168.0
6717.0
2676.0
9789.0
12783.0
10719.0
4391.0
3463.0
19794.0
3458.0
7234.0
1273.0
2198.0
5771.0
7518.0
13269.0
15488.0
11934.0
10332.0
2040.0
12451.0
7138.0
13190.0
14380.0
6220.0
14811.0
18133.0
12246.0
2335.0
16162.0
8596.0
15128.0
14828.0
13338.0
2326.0
12570.0
6260.0
14761.0
12529.0
6086.0
6494.0
19239.0
144.0
12076.0
6951.0
17286.0
10324.0
12371.0
16881.0
8399.0
8763.0
7339.0
11985.0
1674.0
4129.0
19652.0
9472.0
17097.0
12588.0
6708.0
5715.0
11023.0
5031.0
9005.0
4934.0
17721.0
19981.0
17803.0
642.0
17169.0
3834.0
15556.0
15088.0
15370.0
11178.0
17018.0
332.0
16205.0
5255.0
2764.0
18419.0
8226.0
378.0
12749.0
6767.0
14461.0
16891.0
9987.0
10258.0
14934.0
3592.0
19804.0
7160.0
7437.0
6270.0
19847.0
10261.0
8204.0
3279.0
12532.0
12925.0
12390.0
13651.0
14455.0
13175.0
15213.0
17160.0
2176.0
13836.0
853.0
6727.0
19891.0
19412.0
11246.0
4066.0
11417.0
10025.0
9924.0
3859.0
209.0
3734.0
2533.0
12307.0
15715.0
18493.0
2616.0
19286.0
3183.0
17582.0
13379.0
16414.0
11816.0
10784.0
10779.0
7017.0
18489.0
2424.0
16424.0
5417.0
7391.0
17320.0
16202.0
12780.0
2243.0
2244.0
16595.0
5065.0
461.0
2657.0
2632.0
10211.0
12484.0
14053.0
2042.0
7738.0
3155.0
9814.0
13956.0
9650.0
16854.0
16382.0
11570.0
18513.0
3310.0
13110.0
2457.0
17529.0
7580.0
18099.0
378.0
3622.0
19806.0
13612.0
1485.0
8153.0
3711.0
4376.0
3930.0
8940.0
10371.0
6518.0
18042.0
18395.0
2315.0
12221.0
15467.0
14343.0
11660.0
9609.0
5317.0
16346.0
5754.0
8902.0
10718.0
739.0
14981.0
11823.0
14025.0
12906.0
7695.0
15464.0
18021.0
9732.0
9939.0
11174.0
8145.0
18873.0
1729.0
9527.0
18032.0
9993.0
11097.0
875.0
10163.0
4371.0
15099.0
11978.0
10273.0
8494.0
3958.0
14620.0
4262.0
717.0
6293.0
5331.0
16817.0
1694.0
12002.0
16949.0
13591.0
13622.0
19169.0
7222.0
15887.0
9471.0
1182.0
12780.0
16973.0
1197.0
9083.0
3285.0
18336.0
5682.0
1166.0
5911.0
19608.0
19939.0
11848.0
5225.0
4427.0
7308.0
4494.0
2860.0
5526.0
16673.0
118.0
2906.0
15823.0
14867.0
2745.0
14876.0
11856.0
3092.0
13919.0
19539.0
2106.0
15252.0
7905.0
6554.0
13299.0
17975.0
13973.0
19794.0
8217.0
8537.0
19890.0
17154.0
10842.0
13952.0
14133.0
8595.0
7506.0
10899.0
7469.0
16090.0
4666.0
2388.0
7219.0
19776.0
3694.0
13247.0
1113.0
17327.0
18876.0
12260.0
15740.0
6288.0
12276.0
449.0
11157.0
18533.0
1156.0
11197.0
7925.0
63.0
3282.0
4338.0
17421.0
14252.0
12392.0
8453.0
5591.0
11138.0
7390.0
12974.0
19705.0
19586.0
2583.0
9837.0
16884.0
8308.0
6289.0
7518.0
2236.0
2263.0
14016.0
18619.0
12314.0
7781.0
19103.0
18238.0
5081.0
3240.0
16459.0
8248.0
11952.0
11124.0
8642.0
969.0
13039.0
19992.0
413.0
8824.0
15886.0
9308.0
14832.0
9760.0
6569.0
13669.0
2412.0
17809.0
19838.0
16836.0
10380.0
3180.0
223.0
1168.0
15902.0
14251.0
15299.0
4596.0
3455.0
19834.0
7770.0
8651.0
468.0
16377.0
15706.0
12616.0
5745.0
16466.0
16272.0
9732.0
19368.0
9258.0
19123.0
177.0
17507.0
18475.0
8448.0
16661.0
14679.0
1565.0
4513.0
4017.0
9396.0
13890.0
3739.0
501.0
16693.0
16128.0
13916.0
10474.0
8801.0
13195.0
4419.0
8826.0
17492.0
6824.0
18651.0
7866.0
8017.0
15562.0
16049.0
9242.0
13881.0
898.0
7416.0
2662.0
3613.0
19389.0
16968.0
4124.0
6667.0
9262.0
8624.0
7376.0
2124.0
3529.0
19046.0
15057.0
16790.0
19183.0
9378.0
11134.0
8747.0
10612.0
3722.0
3865.0
11362.0
9988.0
12962.0
10080.0
11401.0
12758.0
17297.0
3061.0
6779.0
11385.0
7112.0
9346.0
1815.0
9101.0
12429.0
491.0
10039.0
5507.0
13881.0
10508.0
17571.0
18892.0
17652.0
920.0
8413.0
14770.0
9852.0
7586.0
12111.0
14774.0
9281.0
430.0
6298.0
12391.0
6008.0
8278.0
1482.0
13370.0
4351.0
15016.0
1363.0
9164.0
13699.0
19711.0
14355.0
12721.0
10397.0
5956.0
18866.0
11070.0
2839.0
1293.0
10213.0
17087.0
7378.0
13913.0
16667.0
6706.0
12371.0
18774.0
13065.0
6439.0
4699.0
589.0
17714.0
10327.0
6590.0
2751.0
8811.0
17886.0
13739.0
2645.0
2431.0
11626.0
19040.0
9540.0
16522.0
6643.0
1370.0
379.0
15977.0
18071.0
3043.0
1863.0
9704.0
17971.0
6339.0
12208.0
12959.0
16761.0
14151.0
19400.0
2412.0
3520.0
18586.0
9228.0
8392.0
7967.0
7024.0
6721.0
4779.0
12645.0
8642.0
8837.0
13781.0
619.0
8295.0
6368.0
7428.0
5831.0
11595.0
15353.0
2856.0
580.0
11343.0
9244.0
7898.0
29.0
8197.0
15562.0
17542.0
4320.0
10427.0
17796.0
19305.0
2741.0
19943.0
15479.0
19228.0
9554.0
5232.0
18686.0
10345.0
2705.0
2659.0
16666.0
9095.0
18719.0
677.0
15109.0
11389.0
16450.0
17473.0
1037.0
4555.0
5483.0
14914.0
12872.0
100.0
10146.0
17603.0
9791.0
10079.0
5232.0
5977.0
8730.0
10362.0
7583.0
12420.0
7005.0
15429.0
2863.0
16732.0
4990.0
8.0
11762.0
14349.0
12213.0
11729.0
15595.0
17374.0
14499.0
7894.0
13015.0
17691.0
10762.0
2719.0
12755.0
930.0
1965.0
16437.0
14346.0
10337.0
2902.0
306.0
19845.0
6548.0
18784.0
9927.0
17095.0
9861.0
9326.0
8843.0
883.0
12968.0
15142.0
1470.0
6805.0
270.0
1206.0
15452.0
9440.0
5183.0
10045.0
8424.0
17248.0
4287.0
16219.0
4674.0
17279.0
5455.0
14680.0
10875.0
7130.0
13834.0
1927.0
3573.0
8324.0
1660.0
5499.0
15025.0
13722.0
4728.0
9350.0
17175.0
15840.0
5632.0
12663.0
2632.0
12287.0
7700.0
12792.0
9051.0
3985.0
11055.0
3722.0
9325.0
10939.0
17296.0
3472.0
11471.0
5464.0
18222.0
5936.0
5710.0
17855.0
7621.0
6371.0
5909.0
19714.0
7323.0
3006.0
10404.0
6932.0
16834.0
19088.0
14239.0
14497.0
12165.0
13832.0
4268.0
13443.0
12284.0
11955.0
18677.0
11749.0
3247.0
16837.0
1428.0
5568.0
13758.0
19454.0
2821.0
9299.0
17643.0
3327.0
16461.0
16891.0
8650.0
4402.0
588.0
2690.0
7160.0
13223.0
5581.0
1036.0
19104.0
1156.0
13570.0
16190.0
3609.0
14539.0
8450.0
14299.0
9625.0
16940.0
5772.0
19981.0
9980.0
8899.0
9096.0
16854.0
3685.0
3702.0
5044.0
14187.0
15936.0
9948.0
17597.0
8780.0
4457.0
15379.0
5783.0
5366.0
3009.0
15529.0
12833.0
13211.0
14304.0
1964.0
7292.0
5277.0
14151.0
18495.0
12044.0
17288.0
6538.0
10155.0
14515.0
7919.0
1719.0
1585.0
4746.0
16425.0
5155.0
7089.0
7866.0
15033.0
9036.0
16950.0
18238.0
5606.0
6901.0
16112.0
11193.0
11307.0
10917.0
5819.0
19834.0
6545.0
10312.0
3651.0
8021.0
17240.0
19917.0
14759.0
7226.0
19645.0
3107.0
11890.0
6691.0
9205.0
9823.0
3590.0
1097.0
14161.0
5989.0
5287.0
16753.0
463.0
10256.0
1799.0
9325.0
17345.0
15607.0
15527.0
10073.0
12778.0
7697.0
14116.0
16538.0
10160.0
1067.0
16257.0
2468.0
512.0
590.0
14756.0
19501.0
5244.0
3641.0
191.0
3196.0
1148.0
12993.0
1073.0
8689.0
19413.0
6701.0
12565.0
1480.0
16825.0
8781.0
1843.0
5874.0
17890.0
17171.0
4383.0
7279.0
17293.0
18326.0
7379.0
17804.0
7210.0
16183.0
1634.0
9025.0
8888.0
11846.0
11302.0
8429.0
15811.0
3508.0
2822.0
2992.0
11943.0
16735.0
8573.0
15447.0
17586.0
8986.0
5227.0
13067.0
9202.0
12989.0
10782.0
16257.0
19980.0
19097.0
2260.0
2479.0
3846.0
14372.0
18294.0
7799.0
18154.0
13212.0
7202.0
11393.0
5775.0
11048.0
8428.0
13484.0
11842.0
8040.0
15344.0
683.0
6825.0
10983.0
1622.0
8139.0
8914.0
18197.0
14281.0
15150.0
10159.0
17303.0
9754.0
12240.0
3704.0
15877.0
8979.0
8942.0
12394.0
4693.0
3517.0
8377.0
6556.0
10066.0
6601.0
4619.0
4345.0
4393.0
621.0
13417.0
19647.0
17379.0
6547.0
8939.0
963.0
4377.0
6022.0
4337.0
15991.0
16085.0
15209.0
15867.0
10865.0
10125.0
14595.0
19386.0
18742.0
3828.0
16863.0
3665.0
11622.0
9898.0
11623.0
18767.0
8434.0
14332.0
1501.0
7047.0
5405.0
9224.0
5031.0
15146.0
9005.0
13839.0
14400.0
2742.0
3019.0
10852.0
5699.0
9910.0
14470.0
19718.0
12312.0
15003.0
19993.0
7172.0
5234.0
17803.0
4508.0
15427.0
1355.0
2746.0
14952.0
17418.0
12086.0
18823.0
5859.0
4080.0
19589.0
14043.0
3709.0
15713.0
16692.0
5844.0
12708.0
3990.0
14936.0
11690.0
1981.0
11219.0
2827.0
17728.0
1373.0
1049.0
8010.0
242.0
10250.0
2820.0
18512.0
19126.0
9775.0
11242.0
3364.0
19178.0
16116.0
1606.0
1419.0
12273.0
2443.0
10132.0
2872.0
18180.0
7815.0
7318.0
6611.0
9151.0
11160.0
19912.0
7651.0
423.0
13013.0
4263.0
6689.0
16064.0
12033.0
15298.0
13488.0
11663.0
12974.0
8886.0
2244.0
15974.0
5985.0
14040.0
11506.0
2624.0
6635.0
9570.0
10900.0
7121.0
211.0
12455.0
7766.0
10124.0
81.0
14474.0
2343.0
49.0
5077.0
1157.0
8863.0
2688.0
4488.0
11604.0
19733.0
18343.0
1328.0
9031.0
3613.0
4991.0
5822.0
1720.0
10532.0
18059.0
1711.0
4242.0
1879.0
2261.0
8606.0
13450.0
2654.0
10234.0
9239.0
11547.0
17541.0
17131.0
896.0
18355.0
815.0
12539.0
3996.0
2490.0
10288.0
8523.0
9605.0
3366.0
995.0
7869.0
10654.0
18306.0
19700.0
15668.0
16594.0
15068.0
11001.0
14944.0
14764.0
12230.0
2674.0
7344.0
10858.0
1372.0
19915.0
14221.0
14790.0
14680.0
14441.0
9570.0
11289.0
16765.0
10174.0
4710.0
11147.0
911.0
3193.0
9942.0
2165.0
4494.0
18952.0
11852.0
10595.0
5067.0
9900.0
9070.0
17119.0
13489.0
281.0
6106.0
2101.0
7995.0
11876.0
2721.0
11193.0
18421.0
5624.0
4857.0
1279.0
1975.0
2461.0
3646.0
19634.0
15486.0
17810.0
5334.0
6546.0
11068.0
17023.0
19849.0
10280.0
3471.0
13958.0
19069.0
15337.0
1356.0
16865.0
6573.0
6406.0
17310.0
4099.0
7289.0
12389.0
14847.0
4766.0
7715.0
278.0
11118.0
8557.0
11320.0
520.0
11623.0
18454.0
5033.0
13390.0
12699.0
2897.0
16942.0
13155.0
5633.0
2478.0
17802.0
5709.0
9808.0
16722.0
11461.0
6111.0
16199.0
12799.0
19612.0
10155.0
13194.0
11359.0
17184.0
19911.0
17286.0
14395.0
3340.0
666.0
16123.0
3100.0
3597.0
3960.0
4412.0
12970.0
16409.0
1033.0
9838.0
378.0
17178.0
917.0
8606.0
4595.0
15198.0
5801.0
1411.0
19126.0
10154.0
5240.0
8365.0
5295.0
1406.0
8276.0
4160.0
4378.0
639.0
15740.0
13171.0
19035.0
8931.0
11146.0
6921.0
4685.0
13564.0
9720.0
19358.0
4896.0
12100.0
7164.0
7581.0
8406.0
6822.0
15104.0
4289.0
5034.0
12277.0
255.0
2938.0
14434.0
11106.0
14995.0
1261.0
3412.0
19217.0
7099.0
10418.0
17562.0
4919.0
15851.0
9805.0
4097.0
4380.0
19137.0
445.0
19940.0
15609.0
13776.0
17925.0
7540.0
18891.0
4849.0
17917.0
14562.0
7224.0
12276.0
18898.0
13794.0
3444.0
135.0
15030.0
691.0
8021.0
5825.0
1622.0
4397.0
832.0
12947.0
19790.0
7951.0
15815.0
19392.0
3033.0
12281.0
11966.0
422.0
1904.0
10210.0
18896.0
17220.0
9805.0
6843.0
180.0
10126.0
4252.0
4398.0
4425.0
10604.0
15212.0
6385.0
17221.0
22.0
2316.0
19595.0
1054.0
10879.0
1465.0
5917.0
5537.0
7000.0
12931.0
5838.0
18962.0
13115.0
7095.0
11201.0
1934.0
6061.0
19718.0
1019.0
6380.0
9720.0
10432.0
4888.0
4251.0
6217.0
17463.0
16662.0
5665.0
12262.0
9901.0
1378.0
10788.0
16037.0
184.0
4446.0
3337.0
12158.0
18159.0
4261.0
17613.0
14424.0
330.0
12865.0
13526.0
19309.0
11375.0
5447.0
17774.0
4242.0
12863.0
5392.0
1797.0
2262.0
4424.0
2289.0
10464.0
13015.0
6036.0
8300.0
3004.0
19715.0
6725.0
19590.0
17503.0
19191.0
5657.0
10181.0
2312.0
1652.0
12164.0
6705.0
1692.0
4903.0
6006.0
6675.0
4205.0
12489.0
9215.0
3542.0
4073.0
19091.0
12256.0
847.0
4765.0
11925.0
10649.0
14283.0
13921.0
10845.0
7864.0
9.0
7547.0
9900.0
7300.0
14735.0
12605.0
6811.0
19761.0
611.0
6310.0
12286.0
5371.0
12923.0
12793.0
11716.0
18387.0
15592.0
15450.0
15365.0
17991.0
19232.0
282.0
6971.0
8106.0
9685.0
11255.0
13634.0
15849.0
11510.0
9298.0
8485.0
15973.0
1404.0
17601.0
8401.0
16124.0
383.0
19002.0
11506.0
13822.0
1264.0
13020.0
15442.0
11712.0
15903.0
19111.0
2944.0
4749.0
11239.0
18637.0
269.0
8817.0
1350.0
15404.0
19533.0
7981.0
6844.0
10809.0
4142.0
18703.0
8358.0
516.0
10582.0
9496.0
9850.0
18093.0
10288.0
19971.0
6270.0
12326.0
9543.0
15541.0
2853.0
5429.0
14475.0
835.0
7689.0
13987.0
9472.0
8932.0
16683.0
1970.0
3118.0
17043.0
13461.0
5292.0
13649.0
17022.0
812.0
18969.0
1137.0
12204.0
2702.0
5461.0
9057.0
5859.0
5275.0
3395.0
6700.0
7286.0
10415.0
2131.0
13568.0
2231.0
697.0
112.0
10036.0
2759.0
19509.0
18902.0
1806.0
7630.0
19878.0
17938.0
6979.0
15538.0
10048.0
3719.0
10659.0
15688.0
18259.0
5009.0
15515.0
17248.0
1387.0
16241.0
17748.0
3753.0
10082.0
9882.0
16920.0
8762.0
2755.0
14316.0
12388.0
14859.0
13821.0
9919.0
8215.0
17788.0
2812.0
5350.0
13979.0
5123.0
15957.0
11540.0
17709.0
12497.0
9558.0
1725.0
16929.0
15332.0
319.0
1859.0
1403.0
7713.0
6585.0
1223.0
15334.0
12166.0
10538.0
2813.0
15471.0
249.0
11791.0
14911.0
3637.0
18905.0
11677.0
11585.0
5287.0
15668.0
3730.0
12699.0
19821.0
14627.0
2623.0
14345.0
10878.0
16327.0
1612.0
17073.0
736.0
2977.0
7356.0
14963.0
19197.0
1983.0
19217.0
2397.0
2078.0
17071.0
8560.0
12145.0
17930.0
3002.0
11070.0
836.0
1540.0
2419.0
13817.0
7980.0
14509.0
3311.0
1326.0
4051.0
8189.0
19718.0
7354.0
2566.0
14178.0
18656.0
12637.0
758.0
17656.0
7598.0
8350.0
19353.0
2737.0
11617.0
18770.0
8277.0
1924.0
16839.0
2675.0
8794.0
7710.0
7699.0
15768.0
16982.0
17946.0
9968.0
16144.0
867.0
7895.0
2673.0
4771.0
2011.0
13383.0
13087.0
13756.0
17289.0
4438.0
8563.0
19677.0
1676.0
19768.0
6339.0
5283.0
6652.0
18137.0
9859.0
5100.0
12236.0
9032.0
4643.0
957.0
14742.0
18032.0
8876.0
1637.0
1337.0
1636.0
837.0
12937.0
19988.0
14774.0
12887.0
3958.0
18406.0
7605.0
13263.0
12020.0
12912.0
16582.0
13399.0
14782.0
9818.0
6009.0
11620.0
4030.0
19610.0
9248.0
16158.0
13817.0
3700.0
9923.0
10720.0
6141.0
13731.0
13562.0
17495.0
4147.0
15497.0
9861.0
11632.0
3451.0
7504.0
985.0
12744.0
10593.0
11259.0
4549.0
8427.0
17626.0
18331.0
9974.0
18397.0
16745.0
2368.0
6379.0
12548.0
18453.0
5306.0
12449.0
14853.0
12060.0
6777.0
9948.0
5418.0
389.0
14707.0
4990.0
17673.0
18484.0
5041.0
6366.0
1177.0
6360.0
15578.0
1093.0
13853.0
7732.0
1788.0
15020.0
19328.0
7749.0
5349.0
15392.0
8450.0
17570.0
4782.0
1588.0
6536.0
690.0
19120.0
15756.0
12545.0
7265.0
5166.0
17047.0
17492.0
15243.0
13672.0
1929.0
353.0
5605.0
8738.0
12910.0
17549.0
3555.0
16360.0
15982.0
6438.0
10943.0
12716.0
1525.0
9259.0
1551.0
19687.0
6778.0
2086.0
9214.0
12785.0
1609.0
1872.0
1466.0
17256.0
13966.0
12474.0
249.0
6765.0
18815.0
1797.0
6049.0
10607.0
18741.0
1763.0
3601.0
4464.0
7312.0
8450.0
5082.0
2462.0
11348.0
12551.0
21.0
16491.0
3079.0
9159.0
8097.0
17414.0
19639.0
3449.0
2777.0
3496.0
6914.0
6089.0
13442.0
19866.0
4719.0
15317.0
1141.0
13735.0
659.0
855.0
7142.0
18055.0
1472.0
17700.0
12908.0
11708.0
11535.0
6422.0
10218.0
9253.0
7139.0
18485.0
18770.0
17108.0
9139.0
14117.0
8073.0
9576.0
7786.0
11822.0
7897.0
17868.0
12307.0
7954.0
12301.0
12896.0
13880.0
1239.0
16214.0
12770.0
13150.0
1804.0
7414.0
3542.0
9874.0
19586.0
2852.0
558.0
14292.0
4545.0
9878.0
12923.0
13433.0
6090.0
7089.0
13719.0
18727.0
4618.0
8800.0
16697.0
8894.0
10625.0
1785.0
14379.0
10626.0
11650.0
687.0
12155.0
4725.0
5876.0
9388.0
12763.0
6481.0
18545.0
10715.0
13355.0
9339.0
19000.0
2872.0
740.0
10775.0
18774.0
15901.0
15572.0
13043.0
5433.0
19378.0
11203.0
9822.0
8981.0
2522.0
14235.0
9212.0
4069.0
9003.0
13853.0
4663.0
2794.0
19328.0
19295.0
8352.0
19518.0
10292.0
1281.0
11747.0
18698.0
8902.0
15039.0
1689.0
8765.0
9322.0
13467.0
14007.0
7682.0
16248.0
885.0
19591.0
15068.0
11856.0
4393.0
1448.0
9490.0
7363.0
12216.0
8958.0
2751.0
17286.0
8973.0
8668.0
6392.0
9927.0
19328.0
708.0
19667.0
15110.0
2275.0
19454.0
12642.0
6490.0
2917.0
17800.0
8105.0
2528.0
6644.0
6082.0
14115.0
10070.0
7402.0
11500.0
5398.0
19963.0
12235.0
18574.0
13905.0
9446.0
1082.0
15764.0
6301.0
6747.0
4337.0
12338.0
19643.0
7141.0
6588.0
17143.0
6710.0
1883.0
3.0
13827.0
10970.0
2893.0
16423.0
2780.0
2715.0
12608.0
17512.0
3697.0
12349.0
5011.0
11175.0
7791.0
7906.0
5191.0
4377.0
19674.0
19990.0
15843.0
537.0
9289.0
13987.0
10495.0
16366.0
14824.0
1704.0
4901.0
19854.0
18145.0
2620.0
13011.0
19591.0
9467.0
2233.0
17213.0
13520.0
3163.0
1152.0
7891.0
5333.0
633.0
18367.0
4386.0
3771.0
8618.0
5436.0
15070.0
16058.0
10291.0
8551.0
13699.0
16686.0
1156.0
18023.0
462.0
14811.0
15129.0
4243.0
4221.0
10099.0
11197.0
15170.0
11281.0
4180.0
16137.0
83.0
737.0
17616.0
8299.0
7716.0
18942.0
3766.0
2920.0
10110.0
17519.0
17434.0
19682.0
14696.0
11355.0
11868.0
8022.0
405.0
10427.0
7911.0
14493.0
13428.0
5706.0
4320.0
14839.0
4294.0
10442.0
13942.0
19096.0
5265.0
12138.0
2434.0
8410.0
7249.0
16476.0
511.0
839.0
12261.0
11760.0
5739.0
3596.0
6127.0
1227.0
147.0
180.0
14655.0
3052.0
15233.0
14728.0
15666.0
5592.0
14126.0
14946.0
19627.0
7692.0
1819.0
3972.0
18019.0
9063.0
1723.0
5165.0
12498.0
12454.0
4858.0
12278.0
1530.0
17452.0
2945.0
1570.0
16043.0
7605.0
10293.0
18906.0
456.0
6009.0
5891.0
9450.0
2350.0
6833.0
9154.0
12477.0
15077.0
8524.0
5481.0
5067.0
1866.0
7239.0
5163.0
11658.0
2615.0
5962.0
2569.0
16992.0
13569.0
1593.0
12976.0
2153.0
480.0
11786.0
15377.0
12915.0
3038.0
3797.0
8390.0
6094.0
3803.0
8425.0
12748.0
6117.0
247.0
19214.0
4511.0
1034.0
11101.0
4926.0
7470.0
19935.0
12211.0
12860.0
5542.0
5661.0
7440.0
13552.0
9457.0
2812.0
11921.0
15024.0
10869.0
8252.0
19869.0
12496.0
15547.0
4222.0
12695.0
5585.0
2052.0
564.0
9576.0
3135.0
17601.0
9285.0
19006.0
12227.0
11167.0
18296.0
16569.0
7280.0
7630.0
14856.0
19622.0
1117.0
4697.0
7955.0
13432.0
19832.0
17143.0
8867.0
12667.0
12787.0
2863.0
5199.0
11758.0
18383.0
4108.0
4363.0
5209.0
6590.0
9855.0
3624.0
565.0
19584.0
15541.0
2949.0
7654.0
7425.0
1077.0
15239.0
18674.0
12092.0
1098.0
4642.0
19273.0
10872.0
4772.0
7059.0
10711.0
3784.0
18081.0
6581.0
11436.0
5740.0
9145.0
16182.0
19382.0
5559.0
15119.0
16055.0
13913.0
7163.0
18276.0
14304.0
10267.0
10087.0
19463.0
10700.0
2562.0
8264.0
13043.0
3238.0
13511.0
2572.0
17331.0
4690.0
13089.0
7575.0
1005.0
229.0
17263.0
15209.0
18.0
5565.0
8767.0
926.0
14548.0
8169.0
5792.0
11099.0
11505.0
9523.0
18784.0
19175.0
8198.0
652.0
4098.0
16483.0
1253.0
3934.0
1484.0
666.0
18096.0
7377.0
8332.0
13835.0
882.0
18874.0
757.0
7961.0
15244.0
10980.0
5577.0
17296.0
19984.0
18678.0
12191.0
18021.0
7191.0
17720.0
16228.0
4006.0
18457.0
14931.0
718.0
19081.0
5532.0
9634.0
18578.0
11374.0
5099.0
4875.0
2969.0
16379.0
4985.0
19490.0
4175.0
12080.0
4122.0
585.0
18002.0
4625.0
16883.0
9449.0
2292.0
19604.0
19088.0
852.0
19296.0
12855.0
16782.0
3263.0
16751.0
7669.0
7325.0
17040.0
16835.0
16150.0
1443.0
11214.0
3755.0
17241.0
19748.0
5907.0
19800.0
10027.0
16618.0
9318.0
14659.0
17715.0
5854.0
18316.0
19905.0
265.0
18617.0
13232.0
18953.0
8618.0
2072.0
13396.0
16427.0
4375.0
16470.0
6931.0
8743.0
14256.0
17465.0
2813.0
13180.0
16012.0
8921.0
1032.0
15456.0
5151.0
9084.0
9334.0
14997.0
13221.0
18112.0
11704.0
11238.0
11679.0
16360.0
16919.0
9118.0
18123.0
8406.0
17158.0
5943.0
19268.0
14054.0
10742.0
11703.0
2266.0
11433.0
2278.0
4193.0
19633.0
19841.0
1969.0
4944.0
10205.0
17510.0
15485.0
16627.0
18838.0
14411.0
4377.0
16681.0
14842.0
17833.0
3058.0
5954.0
795.0
14996.0
15318.0
5179.0
19371.0
15156.0
7281.0
8769.0
8736.0
6078.0
364.0
3456.0
11289.0
3230.0
4043.0
14493.0
617.0
8332.0
11439.0
12381.0
15217.0
4827.0
12764.0
112.0
14813.0
3353.0
6326.0
12724.0
4244.0
16175.0
2453.0
6278.0
18281.0
19034.0
5207.0
5402.0
7812.0
6079.0
15464.0
7810.0
16202.0
18531.0
19585.0
1956.0
676.0
1006.0
3616.0
5154.0
17485.0
19785.0
11051.0
12632.0
4819.0
12484.0
7796.0
18588.0
43.0
14744.0
346.0
686.0
18688.0
8615.0
17313.0
10627.0
1449.0
10482.0
9074.0
16716.0
279.0
9743.0
5718.0
5672.0
7520.0
14622.0
4736.0
10569.0
13049.0
19793.0
13966.0
4140.0
7428.0
16132.0
17365.0
12898.0
17452.0
370.0
1263.0
12485.0
7636.0
488.0
18516.0
17428.0
9248.0
11275.0
4430.0
18196.0
3228.0
17185.0
7066.0
9736.0
15628.0
3548.0
11701.0
6293.0
2385.0
13765.0
11488.0
6246.0
3264.0
10704.0
14200.0
6328.0
7242.0
9482.0
4703.0
13594.0
3533.0
16736.0
13377.0
5916.0
1785.0
3878.0
13153.0
7062.0
4872.0
8589.0
5171.0
8166.0
18965.0
12768.0
6373.0
7386.0
4869.0
209.0
13645.0
3727.0
10997.0
11484.0
18319.0
4325.0
14715.0
8536.0
12459.0
4413.0
13619.0
15905.0
15556.0
18455.0
11796.0
12928.0
16356.0
15059.0
5308.0
9257.0
15468.0
7281.0
5902.0
19991.0
14531.0
19632.0
11458.0
9992.0
11190.0
15587.0
13903.0
8939.0
14093.0
17891.0
5489.0
9125.0
16097.0
19773.0
14523.0
15036.0
6756.0
260.0
12890.0
19978.0
12092.0
3733.0
12824.0
3096.0
16056.0
12774.0
15395.0
3701.0
15486.0
6538.0
16576.0
589.0
482.0
8024.0
12927.0
5507.0
9776.0
11943.0
8362.0
12861.0
4346.0
5038.0
17313.0
8951.0
11009.0
2208.0
1376.0
14555.0
8925.0
10493.0
13451.0
9469.0
3905.0
14395.0
17185.0
9205.0
16550.0
9273.0
5095.0
3978.0
17765.0
18946.0
9846.0
9716.0
10689.0
7827.0
3982.0
8705.0
265.0
5013.0
17001.0
3046.0
15939.0
19262.0
2922.0
8990.0
14613.0
15258.0
5146.0
17144.0
2424.0
14999.0
1761.0
4917.0
13619.0
16670.0
17989.0
12197.0
942.0
18725.0
15210.0
13878.0
6467.0
9922.0
5275.0
19561.0
16172.0
6011.0
6343.0
13917.0
5392.0
12878.0
5696.0
7082.0
18386.0
7490.0
6037.0
1860.0
6704.0
7829.0
16168.0
1515.0
18973.0
10450.0
15369.0
3523.0
6427.0
18410.0
7770.0
12208.0
19537.0
12005.0
7503.0
59.0
4247.0
11323.0
19528.0
18402.0
13302.0
13678.0
11786.0
8619.0
9375.0
12427.0
11866.0
147.0
14437.0
6240.0
19675.0
1126.0
11393.0
3088.0
6639.0
11601.0
14201.0
16251.0
11660.0
77.0
3737.0
4722.0
2570.0
7532.0
12283.0
12128.0
16696.0
14223.0
233.0
6856.0
2203.0
9264.0
17292.0
13696.0
14647.0
12971.0
6047.0
16294.0
238.0
8808.0
4628.0
9458.0
7124.0
17558.0
11839.0
4585.0
13991.0
6140.0
12757.0
11400.0
15418.0
15787.0
3344.0
8841.0
8820.0
16746.0
13141.0
4451.0
19410.0
385.0
19592.0
9228.0
15517.0
15905.0
7296.0
13891.0
15733.0
9373.0
40.0
8059.0
1155.0
16915.0
11218.0
16623.0
17596.0
15064.0
8783.0
2742.0
8613.0
19560.0
15545.0
1747.0
9526.0
3946.0
15664.0
13665.0
17056.0
147.0
10731.0
2698.0
2057.0
10051.0
8481.0
18716.0
19493.0
17449.0
113.0
10388.0
10117.0
6268.0
8251.0
9077.0
3884.0
1578.0
10290.0
4480.0
14555.0
18246.0
2388.0
6879.0
12421.0
3428.0
1685.0
8712.0
2369.0
19092.0
13204.0
17576.0
16925.0
2106.0
2649.0
14934.0
15067.0
2175.0
16610.0
17811.0
6363.0
11947.0
9941.0
2084.0
9294.0
5418.0
19157.0
14545.0
10249.0
4890.0
6021.0
12305.0
13954.0
2873.0
9401.0
15444.0
17181.0
2035.0
19669.0
1432.0
6786.0
13515.0
12270.0
1887.0
9955.0
6649.0
4042.0
13149.0
4840.0
18035.0
11021.0
9237.0
7065.0
9331.0
7587.0
7319.0
13210.0
8346.0
12218.0
11184.0
11615.0
272.0
18753.0
16971.0
12057.0
3472.0
5437.0
13353.0
9939.0
19703.0
15035.0
1182.0
17882.0
6525.0
1778.0
640.0
14070.0
14830.0
15528.0
18080.0
13184.0
19819.0
17000.0
16442.0
4336.0
17789.0
3868.0
14559.0
4197.0
1051.0
18446.0
12917.0
7131.0
15489.0
16129.0
1108.0
12366.0
3342.0
16781.0
4837.0
19010.0
8901.0
9980.0
12182.0
15257.0
4986.0
3335.0
6999.0
7952.0
12902.0
5546.0
10697.0
7972.0
15664.0
12356.0
11986.0
873.0
1323.0
808.0
17761.0
151.0
2560.0
13966.0
5790.0
4665.0
13193.0
13185.0
18858.0
1668.0
3863.0
14741.0
12679.0
9347.0
12276.0
7946.0
1767.0
18277.0
8119.0
4059.0
5336.0
3028.0
6366.0
19196.0
13092.0
16077.0
9548.0
10795.0
3309.0
19046.0
4395.0
15321.0
626.0
16260.0
2497.0
3391.0
4870.0
3843.0
4653.0
17081.0
8134.0
122.0
5879.0
10030.0
11844.0
10744.0
7782.0
10769.0
11534.0
4191.0
18128.0
2916.0
16125.0
13246.0
8032.0
8185.0
12296.0
15713.0
2567.0
18960.0
6010.0
8560.0
19388.0
16178.0
6653.0
13090.0
5642.0
14603.0
17347.0
5719.0
9320.0
18970.0
8497.0
19005.0
192.0
15667.0
7390.0
7148.0
2877.0
15554.0
2008.0
4685.0
18174.0
1509.0
19307.0
2813.0
111.0
8510.0
10802.0
3132.0
14734.0
15928.0
4724.0
15709.0
13877.0
8712.0
4785.0
10825.0
8755.0
10620.0
8509.0
12178.0
14754.0
6903.0
3132.0
11510.0
15571.0
112.0
2224.0
17933.0
4339.0
5293.0
3437.0
9504.0
2363.0
5686.0
19689.0
15237.0
19053.0
6904.0
10577.0
3260.0
18870.0
10208.0
13723.0
10426.0
4473.0
11290.0
17848.0
17460.0
10080.0
17810.0
7427.0
8574.0
18668.0
4631.0
7220.0
7820.0
12921.0
934.0
2086.0
610.0
11063.0
6703.0
9560.0
161.0
17773.0
13216.0
15463.0
16226.0
5524.0
357.0
16097.0
3395.0
8143.0
13166.0
8613.0
2751.0
19601.0
4552.0
3500.0
6814.0
9855.0
1831.0
15527.0
284.0
11563.0
7720.0
6626.0
14714.0
18910.0
18163.0
12682.0
635.0
19532.0
535.0
9268.0
7342.0
2648.0
2127.0
7550.0
11347.0
4732.0
3499.0
3019.0
5814.0
10272.0
13211.0
1001.0
15453.0
5903.0
2719.0
3176.0
4747.0
8484.0
12181.0
2327.0
836.0
6564.0
922.0
13668.0
13880.0
8285.0
942.0
9004.0
9936.0
16010.0
1123.0
18689.0
7611.0
8512.0
7353.0
15551.0
4099.0
7633.0
10740.0
10995.0
8597.0
16697.0
11738.0
17720.0
7163.0
18329.0
5037.0
8756.0
18646.0
18606.0
8032.0
2091.0
33.0
17939.0
14889.0
13379.0
12851.0
2874.0
6902.0
14677.0
17566.0
930.0
9856.0
17007.0
12605.0
3536.0
6345.0
12773.0
4479.0
11262.0
2696.0
19387.0
1563.0
7450.0
11759.0
2076.0
15322.0
19082.0
17432.0
4354.0
6227.0
9089.0
13515.0
12769.0
281.0
7034.0
16081.0
19262.0
3407.0
17163.0
8691.0
8142.0
1886.0
7228.0
9260.0
1127.0
8009.0
14961.0
9434.0
6738.0
8802.0
9775.0
9792.0
2111.0
15312.0
7800.0
14349.0
934.0
10084.0
13701.0
215.0
174.0
5729.0
14440.0
10614.0
4543.0
7034.0
5776.0
13545.0
15738.0
10932.0
17275.0
18036.0
2218.0
18235.0
2472.0
6552.0
16344.0
11313.0
10356.0
6518.0
11017.0
16950.0
4908.0
7360.0
19499.0
8138.0
5261.0
10450.0
18199.0
10409.0
7191.0
965.0
3235.0
18090.0
15907.0
3636.0
13352.0
15536.0
8814.0
18320.0
15245.0
13745.0
14205.0
3743.0
6999.0
9515.0
11991.0
6974.0
12769.0
5930.0
13824.0
9077.0
8104.0
13742.0
2464.0
11710.0
764.0
6149.0
17298.0
189.0
15973.0
3171.0
13822.0
10043.0
13838.0
18662.0
12130.0
19565.0
6589.0
2147.0
6873.0
11943.0
3182.0
14353.0
14276.0
13408.0
14092.0
9905.0
9141.0
11024.0
7056.0
6611.0
3920.0
17250.0
5070.0
9611.0
17128.0
15730.0
16711.0
9952.0
10177.0
3909.0
4939.0
15729.0
10761.0
5965.0
10497.0
1451.0
18093.0
13496.0
307.0
14435.0
17615.0
7055.0
4344.0
4341.0
19768.0
1468.0
13769.0
10602.0
4953.0
14911.0
19057.0
16565.0
17145.0
16191.0
19115.0
13948.0
6588.0
1314.0
15752.0
16976.0
12848.0
18672.0
12936.0
1920.0
11856.0
283.0
8979.0
8787.0
15273.0
15768.0
8621.0
12655.0
15659.0
8176.0
3852.0
11582.0
15714.0
10914.0
16933.0
16179.0
527.0
9975.0
16892.0
7320.0
490.0
9317.0
4782.0
874.0
16055.0
10135.0
8596.0
16997.0
12216.0
16405.0
1752.0
14944.0
3639.0
12271.0
18884.0
8425.0
18434.0
16741.0
1882.0
696.0
173.0
5758.0
4069.0
12597.0
15289.0
3775.0
11363.0
10023.0
18976.0
18775.0
9555.0
5719.0
1817.0
9242.0
12879.0
6936.0
3375.0
6679.0
17860.0
12522.0
5684.0
3134.0
15682.0
310.0
2412.0
13592.0
10906.0
9977.0
8026.0
9412.0
18238.0
6639.0
19350.0
8621.0
2566.0
11156.0
1183.0
18282.0
2820.0
4544.0
3987.0
4308.0
19896.0
8943.0
18440.0
9094.0
6146.0
6761.0
12467.0
279.0
2635.0
19554.0
19142.0
19011.0
13491.0
15619.0
12532.0
9956.0
1778.0
6705.0
18484.0
9705.0
9244.0
7059.0
9892.0
9813.0
16393.0
12375.0
2797.0
8478.0
5371.0
6091.0
18081.0
14636.0
3611.0
9602.0
15923.0
11883.0
6693.0
2975.0
11304.0
17789.0
5526.0
14320.0
19719.0
14502.0
17054.0
9884.0
9891.0
11358.0
16851.0
10042.0
1132.0
2672.0
1927.0
2086.0
11792.0
3632.0
10080.0
10182.0
18948.0
5815.0
14780.0
4155.0
16655.0
967.0
9617.0
11995.0
10714.0
14013.0
575.0
2666.0
17888.0
814.0
3834.0
17824.0
16061.0
4434.0
495.0
14453.0
17272.0
4648.0
11491.0
6635.0
16291.0
13665.0
3814.0
17497.0
15202.0
1044.0
3521.0
16732.0
16370.0
14136.0
8889.0
8493.0
8557.0
4997.0
10170.0
3946.0
7415.0
16766.0
17508.0
1586.0
3351.0
3967.0
13618.0
7509.0
19547.0
11610.0
10206.0
11939.0
10339.0
9921.0
18378.0
2092.0
13419.0
9167.0
3054.0
7912.0
4008.0
3764.0
15916.0
6864.0
10949.0
11519.0
8505.0
15339.0
6830.0
16246.0
12684.0
1061.0
19454.0
18995.0
4344.0
7743.0
15822.0
6474.0
19870.0
10490.0
9818.0
7849.0
7167.0
13188.0
18000.0
932.0
3463.0
4054.0
4960.0
17186.0
18029.0
1874.0
13076.0
10889.0
8985.0
7631.0
8637.0
13351.0
16131.0
5875.0
9882.0
11263.0
10091.0
7203.0
4016.0
5528.0
5406.0
8992.0
17066.0
8293.0
2416.0
18402.0
6896.0
12426.0
5041.0
147.0
8304.0
18163.0
8258.0
8062.0
928.0
18333.0
17810.0
19376.0
16490.0
19328.0
4623.0
18511.0
6297.0
1000.0
1353.0
8640.0
17326.0
13360.0
14581.0
19243.0
1153.0
4955.0
17747.0
6489.0
3095.0
7333.0
18533.0
17813.0
5498.0
7548.0
15733.0
19523.0
10208.0
5296.0
13752.0
2396.0
11430.0
12750.0
8945.0
1726.0
8721.0
5720.0
15433.0
115.0
3739.0
14381.0
18491.0
10157.0
8019.0
9519.0
8857.0
10783.0
9589.0
12992.0
4966.0
19755.0
6694.0
8960.0
17981.0
11323.0
13318.0
3147.0
12697.0
13479.0
19079.0
12116.0
11347.0
5451.0
1029.0
7353.0
18963.0
17280.0
5955.0
1851.0
14632.0
12946.0
451.0
986.0
18567.0
19408.0
18461.0
10171.0
14628.0
10308.0
4205.0
8879.0
8444.0
9835.0
2655.0
5394.0
8031.0
2926.0
18638.0
3285.0
8428.0
3008.0
8230.0
2779.0
6611.0
4876.0
11717.0
12129.0
5733.0
10148.0
816.0
8313.0
5191.0
11267.0
7191.0
10087.0
7030.0
12685.0
16514.0
1882.0
6358.0
11107.0
3329.0
8453.0
882.0
1139.0
17973.0
11334.0
13582.0
306.0
17998.0
12155.0
14626.0
5213.0
9253.0
2933.0
19761.0
6057.0
14791.0
4540.0
8269.0
12178.0
11811.0
13262.0
9805.0
1354.0
3168.0
4562.0
18134.0
15345.0
19506.0
14829.0
16183.0
15011.0
14889.0
6264.0
13915.0
7016.0
16204.0
7227.0
7143.0
247.0
17670.0
6606.0
10030.0
8931.0
19805.0
19623.0
5167.0
3730.0
11191.0
1828.0
14498.0
1730.0
17378.0
19691.0
12121.0
16343.0
17215.0
8902.0
10717.0
13651.0
13033.0
19388.0
8161.0
14168.0
13734.0
2123.0
18001.0
1294.0
4935.0
12551.0
1132.0
15404.0
3835.0
12968.0
18448.0
2723.0
2511.0
15787.0
10255.0
1285.0
7789.0
9314.0
14506.0
4278.0
2338.0
15446.0
3731.0
15862.0
5815.0
3539.0
4610.0
3099.0
28.0
9285.0
3554.0
14973.0
18362.0
14090.0
3390.0
5130.0
9375.0
14056.0
18811.0
7361.0
5159.0
18986.0
3683.0
14650.0
13220.0
6801.0
13697.0
12079.0
12959.0
16981.0
15630.0
1657.0
19637.0
11795.0
7308.0
13368.0
19408.0
17042.0
8032.0
19250.0
16354.0
19576.0
8751.0
11537.0
15390.0
15790.0
10317.0
16528.0
6980.0
3622.0
8414.0
2257.0
9083.0
2720.0
4441.0
18105.0
12828.0
14684.0
16795.0
16169.0
11.0
10908.0
19826.0
14936.0
7940.0
6692.0
4076.0
9769.0
4957.0
13047.0
7288.0
1891.0
4879.0
10069.0
18458.0
109.0
13233.0
5483.0
15586.0
362.0
4305.0
14943.0
4640.0
4373.0
19543.0
5256.0
19649.0
15316.0
12455.0
16336.0
8325.0
8012.0
9498.0
15196.0
5890.0
8756.0
3996.0
18777.0
1976.0
16820.0
12559.0
4081.0
9106.0
6756.0
16323.0
1380.0
4511.0
17517.0
13993.0
5335.0
11831.0
16659.0
3495.0
10038.0
12766.0
11645.0
8137.0
4389.0
10415.0
18630.0
5504.0
1248.0
583.0
15406.0
15050.0
8265.0
14142.0
1395.0
15745.0
12583.0
3334.0
7436.0
8067.0
13404.0
7517.0
18497.0
19837.0
13307.0
4868.0
13207.0
10980.0
8700.0
17134.0
15889.0
11301.0
8473.0
15935.0
13015.0
243.0
16315.0
4911.0
3590.0
3322.0
14673.0
2025.0
14596.0
7057.0
8578.0
6324.0
8144.0
4114.0
662.0
3817.0
18401.0
3820.0
3422.0
2683.0
8855.0
14600.0
586.0
9952.0
8875.0
3723.0
4125.0
5027.0
3414.0
11481.0
18338.0
6824.0
3254.0
7020.0
5505.0
6655.0
13042.0
17238.0
17856.0
18858.0
17124.0
7373.0
7270.0
7320.0
11682.0
3109.0
16590.0
3506.0
3074.0
2789.0
16637.0
8263.0
15007.0
5008.0
8348.0
5056.0
2612.0
4944.0
11999.0
11754.0
12536.0
3034.0
17384.0
19581.0
3007.0
5960.0
17698.0
17873.0
7651.0
8862.0
13689.0
18351.0
2087.0
2454.0
14944.0
4815.0
6450.0
12975.0
7301.0
15087.0
18664.0
5710.0
17140.0
7546.0
16222.0
14239.0
5168.0
998.0
16505.0
5965.0
8798.0
7492.0
19320.0
13862.0
1567.0
4383.0
5687.0
10391.0
11878.0
4739.0
8450.0
17150.0
6681.0
14122.0
8449.0
17636.0
3425.0
8590.0
10882.0
19478.0
10047.0
16329.0
14216.0
12411.0
16201.0
7554.0
14959.0
1219.0
18622.0
11672.0
9714.0
1395.0
5628.0
18679.0
18453.0
15201.0
19675.0
6437.0
18693.0
7271.0
13802.0
18606.0
266.0
3177.0
19457.0
16449.0
17443.0
17018.0
627.0
12228.0
6714.0
14110.0
7559.0
6467.0
8765.0
12289.0
4901.0
838.0
1426.0
16279.0
3575.0
6951.0
1440.0
11864.0
17268.0
4531.0
16315.0
7750.0
16718.0
16599.0
3642.0
11395.0
1081.0
6578.0
1067.0
18976.0
9063.0
9084.0
18627.0
15042.0
2345.0
9088.0
5434.0
8160.0
15089.0
5394.0
8849.0
14636.0
15734.0
7819.0
4919.0
18761.0
1033.0
11774.0
8839.0
13101.0
17800.0
13585.0
1145.0
14852.0
1393.0
4779.0
16933.0
259.0
15224.0
13587.0
19704.0
9673.0
14881.0
2520.0
7092.0
18708.0
683.0
14681.0
10137.0
5140.0
274.0
15472.0
8660.0
16210.0
9227.0
9379.0
19422.0
12635.0
6800.0
14916.0
15160.0
13083.0
7157.0
17776.0
18238.0
15890.0
5631.0
11269.0
10472.0
11751.0
18429.0
13965.0
1148.0
13373.0
9673.0
6718.0
9366.0
13640.0
120.0
1296.0
1169.0
659.0
14740.0
17592.0
9101.0
10026.0
7750.0
10684.0
12945.0
6106.0
15257.0
3831.0
8081.0
10087.0
1448.0
10566.0
6772.0
19869.0
13231.0
6696.0
3780.0
5436.0
8935.0
8538.0
5074.0
18103.0
17399.0
4921.0
4764.0
12419.0
18049.0
12002.0
8911.0
18376.0
17265.0
2366.0
13340.0
4256.0
3830.0
6117.0
14006.0
17671.0
1724.0
2264.0
7760.0
14156.0
4460.0
4571.0
1395.0
622.0
7480.0
17389.0
9829.0
9486.0
2900.0
15966.0
19386.0
4631.0
5623.0
16154.0
12700.0
11765.0
19793.0
17490.0
13028.0
16491.0
9586.0
12646.0
16906.0
9305.0
16431.0
12954.0
14617.0
9484.0
5392.0
360.0
14695.0
18779.0
16231.0
14842.0
7506.0
18684.0
12809.0
12359.0
19177.0
17850.0
12928.0
11451.0
6713.0
13622.0
4733.0
2684.0
12697.0
19068.0
19370.0
8658.0
11416.0
10142.0
3063.0
5126.0
13490.0
12544.0
9378.0
6605.0
17567.0
16913.0
18193.0
7854.0
9736.0
12686.0
11880.0
14871.0
15515.0
910.0
18682.0
1878.0
19689.0
12544.0
4456.0
12388.0
11249.0
19781.0
5719.0
19647.0
12650.0
14358.0
773.0
1625.0
1667.0
10465.0
9231.0
4362.0
12457.0
10729.0
117.0
11067.0
12466.0
7784.0
11428.0
4693.0
9906.0
17198.0
4950.0
14888.0
18380.0
3719.0
1740.0
9673.0
2565.0
3459.0
13897.0
13893.0
7986.0
4068.0
6847.0
7652.0
18235.0
15969.0
12669.0
9602.0
18014.0
9294.0
9685.0
11750.0
3657.0
17244.0
2744.0
18347.0
17633.0
8901.0
3282.0
2794.0
9788.0
698.0
3318.0
17505.0
4207.0
12638.0
3601.0
1627.0
12956.0
13679.0
9357.0
18584.0
10367.0
18906.0
11598.0
14822.0
4731.0
11313.0
17980.0
9669.0
14997.0
10830.0
4478.0
10623.0
11155.0
8557.0
14490.0
6571.0
15125.0
1422.0
10185.0
10390.0
19632.0
5847.0
886.0
6170.0
19620.0
2547.0
19392.0
3291.0
3922.0
1542.0
4070.0
4555.0
2770.0
13161.0
4840.0
5859.0
6894.0
13807.0
17383.0
12291.0
2306.0
18779.0
14692.0
3165.0
18622.0
9106.0
15125.0
13532.0
6702.0
2102.0
7253.0
13965.0
159.0
11853.0
4485.0
15891.0
15475.0
19432.0
3719.0
16665.0
220.0
17278.0
17774.0
1890.0
3324.0
18435.0
17943.0
19240.0
19007.0
7444.0
19363.0
674.0
17528.0
19937.0
4484.0
3068.0
17087.0
5860.0
308.0
17597.0
5654.0
2325.0
18641.0
16388.0
350.0
6246.0
1858.0
16212.0
4678.0
8199.0
10793.0
1496.0
4006.0
1848.0
9837.0
14744.0
18765.0
13338.0
1462.0
718.0
3403.0
7947.0
1324.0
11820.0
12890.0
8614.0
18496.0
10709.0
19370.0
8808.0
10600.0
8869.0
13850.0
4571.0
7632.0
721.0
6317.0
14803.0
3418.0
4040.0
10811.0
7523.0
5649.0
11781.0
966.0
5196.0
5926.0
18064.0
4027.0
2192.0
6848.0
9357.0
7486.0
1518.0
990.0
1275.0
17265.0
9657.0
17525.0
4047.0
12600.0
1510.0
18337.0
13656.0
9939.0
18334.0
3724.0
7167.0
2724.0
44.0
17774.0
15851.0
18617.0
14810.0
5295.0
16305.0
492.0
3426.0
8201.0
1853.0
8349.0
8294.0
18266.0
19267.0
9662.0
18829.0
9411.0
4850.0
11414.0
11346.0
16813.0
14275.0
6237.0
6413.0
17675.0
10734.0
2029.0
2675.0
11589.0
19537.0
18392.0
2220.0
10678.0
18586.0
19799.0
4897.0
17656.0
7310.0
6993.0
18403.0
14958.0
19025.0
8002.0
9471.0
14941.0
10403.0
18749.0
19409.0
12605.0
6212.0
4533.0
8616.0
2393.0
996.0
9238.0
3249.0
17614.0
15148.0
17387.0
12589.0
4502.0
16141.0
7304.0
2634.0
267.0
6141.0
6207.0
958.0
9806.0
19102.0
10667.0
19011.0
11586.0
17049.0
5843.0
3976.0
17685.0
4811.0
19284.0
1219.0
10915.0
1884.0
8190.0
5106.0
12258.0
6697.0
18209.0
6245.0
585.0
2523.0
6511.0
10913.0
15957.0
6039.0
1932.0
4732.0
12102.0
12723.0
11192.0
18975.0
4399.0
4499.0
16704.0
14775.0
17241.0
18585.0
15543.0
5588.0
1134.0
10600.0
576.0
7826.0
9025.0
8665.0
10129.0
6238.0
6017.0
5355.0
12919.0
14393.0
19702.0
3364.0
1204.0
1114.0
10526.0
14578.0
12508.0
2607.0
4746.0
9832.0
1574.0
18675.0
6889.0
9117.0
690.0
17709.0
6638.0
12671.0
8358.0
5907.0
17394.0
6863.0
9015.0
19503.0
9928.0
17851.0
10411.0
10850.0
14868.0
9256.0
13130.0
6621.0
6706.0
18257.0
17405.0
9402.0
2334.0
1212.0
14974.0
3857.0
1472.0
2151.0
18569.0
7670.0
11958.0
1203.0
14442.0
12092.0
6145.0
12623.0
7207.0
1392.0
19230.0
16857.0
13996.0
10851.0
1130.0
1280.0
13333.0
4834.0
8740.0
14223.0
2486.0
5119.0
2907.0
5396.0
8650.0
6462.0
16141.0
14393.0
6722.0
11672.0
12716.0
9238.0
15823.0
7966.0
3103.0
8530.0
4093.0
8940.0
6821.0
12589.0
12960.0
3498.0
15938.0
10819.0
7317.0
11231.0
7239.0
12861.0
19746.0
10192.0
8191.0
11315.0
18851.0
6521.0
4733.0
19282.0
1847.0
7191.0
11950.0
8645.0
14120.0
787.0
14516.0
8263.0
10319.0
16408.0
7297.0
10030.0
418.0
8438.0
608.0
12199.0
13167.0
8375.0
1854.0
14070.0
7203.0
15303.0
15099.0
18675.0
10585.0
19184.0
13148.0
17278.0
8951.0
10321.0
17931.0
438.0
15641.0
10186.0
13750.0
18574.0
17234.0
8423.0
4024.0
6822.0
16231.0
2475.0
13286.0
17660.0
8529.0
18881.0
957.0
827.0
3141.0
2993.0
11503.0
7514.0
11127.0
15441.0
12297.0
17957.0
2958.0
8236.0
13311.0
17387.0
1618.0
17373.0
9050.0
16278.0
18578.0
16883.0
18928.0
1730.0
9177.0
12135.0
10023.0
13424.0
9651.0
2133.0
16455.0
19255.0
14442.0
2304.0
16546.0
15512.0
16619.0
4026.0
1824.0
15791.0
3040.0
9216.0
12786.0
913.0
4225.0
10261.0
11614.0
19370.0
14013.0
6468.0
19113.0
5442.0
7273.0
13135.0
16688.0
17944.0
14013.0
6560.0
5152.0
8314.0
1479.0
13467.0
8245.0
1567.0
17721.0
1496.0
16690.0
12436.0
8809.0
18442.0
2635.0
11939.0
4389.0
4674.0
3015.0
6549.0
6290.0
2550.0
3018.0
4943.0
9128.0
10899.0
7412.0
16768.0
1048.0
10747.0
5478.0
8336.0
17999.0
8467.0
8803.0
850.0
6106.0
834.0
115.0
16121.0
11280.0
1174.0
7906.0
8014.0
2987.0
10696.0
11294.0
5545.0
7210.0
1050.0
16602.0
14246.0
2418.0
8326.0
19835.0
11482.0
879.0
15207.0
6482.0
19552.0
2448.0
9999.0
13969.0
9230.0
9004.0
3895.0
19468.0
625.0
3588.0
14586.0
2965.0
12380.0
18606.0
5828.0
6393.0
8647.0
6358.0
17350.0
16439.0
8491.0
3713.0
17293.0
11174.0
15888.0
17356.0
14924.0
142.0
3317.0
9418.0
16423.0
16082.0
15478.0
16442.0
12743.0
14293.0
9234.0
6703.0
12344.0
6329.0
18199.0
2699.0
14946.0
8861.0
14246.0
14566.0
2162.0
16744.0
5589.0
2316.0
11198.0
17434.0
17209.0
14257.0
13141.0
3547.0
15965.0
6163.0
16845.0
2285.0
8425.0
6401.0
14720.0
17402.0
7507.0
8117.0
10599.0
9788.0
797.0
1126.0
2540.0
9824.0
17466.0
13506.0
12671.0
4275.0
11149.0
2697.0
10799.0
5715.0
4367.0
11964.0
881.0
8339.0
11933.0
14726.0
7961.0
12185.0
6965.0
11823.0
11126.0
3663.0
15975.0
9526.0
11901.0
17611.0
10397.0
8602.0
16352.0
17197.0
11948.0
15122.0
381.0
5959.0
12130.0
5466.0
7641.0
6928.0
14806.0
17767.0
4941.0
15148.0
14439.0
17862.0
19705.0
15977.0
7965.0
6113.0
10899.0
18289.0
3117.0
19741.0
12924.0
6170.0
11169.0
18934.0
8368.0
15070.0
4291.0
323.0
9006.0
19111.0
648.0
17042.0
16074.0
3966.0
15164.0
11929.0
7908.0
10755.0
3011.0
5709.0
15929.0
228.0
6890.0
6332.0
4811.0
10615.0
3225.0
2541.0
15063.0
4279.0
9794.0
8061.0
2190.0
18500.0
15203.0
15862.0
10144.0
18325.0
14085.0
10319.0
990.0
19816.0
17445.0
1845.0
15581.0
3302.0
18979.0
15587.0
16920.0
4411.0
19251.0
14225.0
11861.0
14720.0
9362.0
7096.0
5458.0
5342.0
18904.0
18422.0
1601.0
4713.0
2392.0
11649.0
2326.0
6993.0
7149.0
13012.0
17105.0
9781.0
19775.0
931.0
6407.0
17542.0
16992.0
12352.0
5527.0
17408.0
7906.0
15136.0
4485.0
12991.0
12488.0
501.0
15133.0
8440.0
10017.0
11220.0
17310.0
5388.0
10646.0
2341.0
11802.0
19073.0
9523.0
10217.0
19873.0
5115.0
2408.0
2496.0
7516.0
17756.0
1484.0
6104.0
1540.0
13454.0
15963.0
17827.0
10728.0
15820.0
10016.0
2320.0
7367.0
7451.0
6005.0
6151.0
9949.0
6176.0
7756.0
17064.0
8210.0
15106.0
5333.0
6934.0
9712.0
19051.0
17649.0
17142.0
382.0
5963.0
10025.0
5828.0
204.0
3582.0
600.0
10732.0
15774.0
19290.0
15996.0
6734.0
18241.0
6584.0
10630.0
7119.0
807.0
13963.0
15965.0
282.0
1984.0
2052.0
4985.0
1084.0
9718.0
19962.0
2438.0
6661.0
359.0
11653.0
19114.0
18784.0
17844.0
11768.0
14286.0
18201.0
15573.0
1288.0
14447.0
9890.0
2247.0
17002.0
13102.0
11815.0
22.0
15910.0
14960.0
4464.0
6343.0
7852.0
5371.0
16125.0
16100.0
3919.0
14421.0
19296.0
8118.0
16911.0
18452.0
15346.0
18117.0
6438.0
9814.0
10030.0
18837.0
2905.0
15913.0
15354.0
19304.0
11953.0
10283.0
14169.0
18837.0
18067.0
19825.0
6239.0
12057.0
10766.0
13715.0
3429.0
7055.0
4757.0
3820.0
13493.0
6366.0
17076.0
8600.0
15953.0
9075.0
15202.0
2564.0
15134.0
5671.0
11091.0
7216.0
19949.0
2607.0
12446.0
14040.0
19847.0
14318.0
12200.0
16553.0
13998.0
13110.0
13472.0
14523.0
5426.0
11003.0
10885.0
1768.0
6891.0
162.0
16716.0
1271.0
3751.0
1264.0
17394.0
13878.0
15883.0
14898.0
6873.0
5913.0
4816.0
15395.0
19577.0
5885.0
4826.0
16418.0
2760.0
12707.0
2028.0
17968.0
14810.0
11400.0
16046.0
16335.0
17283.0
9920.0
5433.0
17291.0
9243.0
11734.0
4204.0
2823.0
1117.0
11582.0
13563.0
11293.0
18844.0
15456.0
17285.0
164.0
10250.0
1266.0
12581.0
15773.0
19070.0
14676.0
18562.0
3222.0
1012.0
13174.0
14156.0
14446.0
3929.0
19135.0
12550.0
8156.0
3700.0
8367.0
6655.0
18269.0
18160.0
19659.0
2217.0
10069.0
15562.0
10007.0
9543.0
16718.0
3820.0
9799.0
8608.0
1085.0
16779.0
10681.0
1304.0
4522.0
8790.0
17389.0
13738.0
9798.0
16499.0
7852.0
10036.0
9020.0
8723.0
8840.0
19411.0
15985.0
13655.0
5559.0
11620.0
42.0
4642.0
7645.0
6789.0
15096.0
7959.0
3885.0
12596.0
18885.0
10615.0
6652.0
16856.0
2783.0
11436.0
15541.0
2305.0
17765.0
1405.0
10422.0
6647.0
17299.0
17049.0
4799.0
11477.0
18192.0
6215.0
10707.0
1456.0
5383.0
14836.0
1343.0
19444.0
10099.0
16834.0
3329.0
11226.0
19886.0
11606.0
9780.0
11170.0
19005.0
6751.0
4810.0
4750.0
12627.0
11646.0
9347.0
18996.0
2077.0
13842.0
18426.0
7298.0
15764.0
1068.0
9636.0
17887.0
11681.0
14458.0
3374.0
6290.0
14984.0
12262.0
4327.0
17851.0
10913.0
3502.0
13290.0
1050.0
16263.0
14075.0
8532.0
1840.0
6739.0
7004.0
2872.0
2628.0
3798.0
16565.0
11478.0
4586.0
7499.0
10373.0
7101.0
19391.0
10551.0
12578.0
14856.0
8146.0
10528.0
2762.0
15149.0
6930.0
9280.0
5369.0
19667.0
9550.0
11276.0
3169.0
7868.0
7769.0
11213.0
4999.0
13774.0
10243.0
5769.0
9037.0
1310.0
11721.0
3133.0
8218.0
18941.0
3001.0
19002.0
3325.0
2062.0
18686.0
17189.0
2116.0
13721.0
18904.0
12337.0
3955.0
18240.0
6153.0
4765.0
8195.0
15823.0
16117.0
6875.0
18275.0
12357.0
14186.0
19345.0
9736.0
8451.0
9616.0
17368.0
8802.0
19902.0
12554.0
16305.0
17842.0
14242.0
13847.0
7943.0
9254.0
6386.0
8003.0
318.0
4154.0
13843.0
4223.0
16981.0
13789.0
450.0
5841.0
11044.0
17882.0
9991.0
11087.0
16615.0
6306.0
16409.0
5390.0
17995.0
17198.0
16743.0
6245.0
19594.0
19744.0
15618.0
5108.0
19403.0
7097.0
19185.0
11189.0
2720.0
2567.0
14562.0
948.0
4873.0
9705.0
11522.0
8652.0
16197.0
4139.0
10874.0
5527.0
17501.0
17004.0
8064.0
8805.0
19311.0
18483.0
17275.0
9013.0
8281.0
4968.0
8787.0
10785.0
15061.0
11803.0
12959.0
9015.0
5960.0
19531.0
10543.0
6335.0
5245.0
2241.0
9535.0
13766.0
15283.0
12132.0
11845.0
19315.0
17729.0
14504.0
6038.0
7319.0
14468.0
15220.0
556.0
12295.0
7942.0
9920.0
3353.0
7252.0
9699.0
17542.0
4561.0
15859.0
4601.0
304.0
9783.0
6928.0
4616.0
3718.0
18950.0
425.0
18900.0
8292.0
7248.0
6553.0
1093.0
16439.0
9579.0
15162.0
13642.0
8957.0
827.0
1171.0
18366.0
9474.0
16346.0
15615.0
6225.0
11505.0
2238.0
5392.0
4232.0
4928.0
13279.0
3315.0
7405.0
1163.0
14352.0
12205.0
17144.0
66.0
8625.0
8232.0
5396.0
7247.0
9151.0
2907.0
2139.0
6347.0
18078.0
10885.0
10174.0
6727.0
12648.0
3075.0
4527.0
17990.0
17155.0
12803.0
15028.0
19363.0
4394.0
1603.0
10080.0
787.0
11809.0
1827.0
19666.0
2437.0
11519.0
6722.0
15060.0
64.0
12825.0
19516.0
735.0
4290.0
8937.0
3177.0
11022.0
11780.0
15383.0
4569.0
467.0
5951.0
5095.0
893.0
6426.0
14728.0
15006.0
18551.0
19094.0
4426.0
13913.0
11746.0
11131.0
13419.0
3753.0
14497.0
11833.0
9683.0
3383.0
4852.0
19611.0
11333.0
11989.0
2272.0
7041.0
15650.0
11294.0
6521.0
11162.0
7973.0
4005.0
2310.0
9671.0
18959.0
7337.0
14160.0
11212.0
458.0
18454.0
19647.0
13180.0
16259.0
15416.0
2958.0
10162.0
5862.0
16798.0
436.0
18440.0
2399.0
2187.0
16582.0
5476.0
18067.0
3701.0
10960.0
6696.0
6107.0
9275.0
5743.0
11342.0
3736.0
3810.0
16110.0
19835.0
16324.0
357.0
13424.0
11345.0
4277.0
553.0
2854.0
18412.0
9083.0
2880.0
407.0
17899.0
7765.0
341.0
9734.0
13582.0
12805.0
903.0
18818.0
15429.0
6025.0
17252.0
8640.0
11199.0
13696.0
14123.0
11733.0
15194.0
12062.0
847.0
2809.0
9761.0
19538.0
5178.0
4033.0
12173.0
6423.0
13500.0
12958.0
14412.0
11704.0
8007.0
19055.0
5816.0
6653.0
14196.0
12486.0
8451.0
3093.0
15880.0
18116.0
7077.0
11835.0
10513.0
14.0
18890.0
3780.0
6168.0
14716.0
14154.0
8402.0
8393.0
9855.0
8371.0
16808.0
2045.0
13702.0
18631.0
18167.0
15621.0
15982.0
6372.0
4715.0
10598.0
1268.0
13671.0
14658.0
15544.0
11636.0
17980.0
17250.0
10039.0
8993.0
18475.0
8074.0
18253.0
16537.0
2845.0
7683.0
12484.0
19318.0
3530.0
18745.0
6235.0
9270.0
196.0
17810.0
7980.0
328.0
14724.0
15068.0
8119.0
505.0
19446.0
5791.0
3115.0
17835.0
12567.0
8867.0
11868.0
3965.0
5974.0
4529.0
8783.0
13098.0
19317.0
6170.0
16625.0
8938.0
3546.0
1163.0
15508.0
8682.0
16975.0
17269.0
9500.0
7498.0
15507.0
17347.0
3909.0
2314.0
10900.0
1244.0
2102.0
14058.0
17409.0
4492.0
402.0
11910.0
14799.0
5507.0
12519.0
15626.0
44.0
10317.0
9949.0
12221.0
16191.0
18627.0
17999.0
6399.0
14017.0
15063.0
9040.0
13586.0
11388.0
18999.0
17852.0
3672.0
13173.0
4789.0
914.0
1438.0
18843.0
14267.0
2512.0
1109.0
1141.0
10930.0
7472.0
4134.0
11624.0
9231.0
1407.0
12455.0
131.0
16389.0
16907.0
408.0
6803.0
5412.0
13957.0
3234.0
11286.0
11606.0
18236.0
18696.0
3222.0
9356.0
4470.0
2342.0
3237.0
13209.0
14708.0
16879.0
13308.0
10017.0
1942.0
7684.0
6982.0
17604.0
13596.0
17976.0
1070.0
14579.0
13978.0
14423.0
15307.0
9898.0
1782.0
11681.0
468.0
19264.0
17927.0
12350.0
9692.0
5669.0
922.0
2859.0
11396.0
11935.0
6713.0
5673.0
11537.0
8975.0
15535.0
14256.0
13313.0
10051.0
1624.0
18201.0
15381.0
18420.0
12103.0
10473.0
8009.0
376.0
9825.0
13858.0
17779.0
8071.0
5774.0
19290.0
15369.0
19325.0
6148.0
18438.0
8335.0
12732.0
6130.0
15255.0
18476.0
10920.0
8005.0
4665.0
16825.0
15700.0
15795.0
14631.0
14084.0
12362.0
13126.0
1721.0
3125.0
18585.0
382.0
10000.0
12341.0
15732.0
7234.0
17506.0
13740.0
4456.0
10180.0
9827.0
3691.0
14633.0
6609.0
2188.0
16308.0
5279.0
6924.0
7663.0
2860.0
16800.0
4841.0
4670.0
5832.0
7001.0
2088.0
879.0
7601.0
7951.0
14684.0
7696.0
9715.0
5761.0
17546.0
18049.0
19831.0
18217.0
10187.0
9900.0
16967.0
3998.0
10922.0
17336.0
626.0
13385.0
8484.0
12902.0
14391.0
16102.0
13737.0
15226.0
19625.0
13930.0
19034.0
7404.0
234.0
19745.0
7104.0
16859.0
12182.0
14422.0
8099.0
18193.0
50.0
14597.0
5079.0
11767.0
6018.0
1584.0
12793.0
12114.0
12856.0
3270.0
7476.0
5507.0
16594.0
4379.0
1464.0
19646.0
15290.0
11195.0
4475.0
1244.0
5534.0
13813.0
4512.0
6154.0
16011.0
7562.0
2216.0
856.0
16035.0
18137.0
1542.0
17806.0
16100.0
15203.0
19232.0
18118.0
19248.0
5666.0
15025.0
16784.0
9539.0
8418.0
5059.0
3297.0
9354.0
10671.0
18566.0
8182.0
16850.0
11671.0
16974.0
17492.0
16115.0
5723.0
8230.0
15964.0
16221.0
9023.0
13286.0
8613.0
4094.0
19727.0
15533.0
17233.0
8144.0
6704.0
19996.0
13642.0
16358.0
17813.0
17624.0
16565.0
15805.0
3797.0
18655.0
17943.0
9245.0
18504.0
1365.0
17180.0
6720.0
5074.0
4352.0
8311.0
6488.0
13234.0
13263.0
919.0
1114.0
2717.0
9617.0
365.0
4136.0
13833.0
9710.0
19264.0
6841.0
15685.0
9555.0
9464.0
14547.0
9189.0
14851.0
13510.0
8392.0
5189.0
18494.0
705.0
8626.0
2062.0
8370.0
4028.0
2184.0
2219.0
11402.0
7049.0
15141.0
6574.0
13362.0
6620.0
13086.0
4985.0
11668.0
7687.0
365.0
15735.0
11677.0
14759.0
8200.0
7308.0
7655.0
3553.0
17413.0
9399.0
6472.0
9768.0
10696.0
677.0
18110.0
2833.0
4351.0
14954.0
8960.0
15128.0
19978.0
9903.0
9584.0
4600.0
7313.0
14523.0
6912.0
11036.0
11138.0
9931.0
7145.0
8978.0
5254.0
4951.0
7801.0
11143.0
10204.0
13333.0
6554.0
14456.0
10320.0
846.0
4222.0
6579.0
9672.0
14746.0
16069.0
19418.0
10855.0
7147.0
4788.0
8729.0
1266.0
7906.0
8573.0
11710.0
14282.0
11678.0
9502.0
11394.0
9273.0
10340.0
105.0
6395.0
5522.0
19800.0
687.0
10025.0
5856.0
6677.0
12839.0
16882.0
5278.0
4490.0
4735.0
10759.0
9790.0
7385.0
13915.0
18394.0
11976.0
17596.0
7499.0
18340.0
2017.0
16166.0
2512.0
2383.0
422.0
4541.0
8052.0
11908.0
6830.0
19784.0
12134.0
9487.0
18955.0
12951.0
3789.0
2152.0
2646.0
2988.0
14582.0
16927.0
8872.0
18119.0
3336.0
3963.0
17166.0
16815.0
16442.0
7756.0
19758.0
9643.0
10789.0
12506.0
3670.0
8248.0
8117.0
5437.0
11012.0
10372.0
16801.0
767.0
17482.0
12014.0
828.0
9603.0
17706.0
1353.0
8862.0
3976.0
7675.0
1639.0
318.0
14605.0
19585.0
18673.0
5083.0
2472.0
6180.0
3256.0
1478.0
14384.0
18052.0
14570.0
11544.0
8019.0
17853.0
764.0
14033.0
3281.0
18554.0
16987.0
5689.0
3023.0
18482.0
7126.0
12135.0
2653.0
9191.0
2669.0
15888.0
3532.0
10076.0
12156.0
16810.0
19500.0
16784.0
5203.0
10644.0
17427.0
8164.0
11983.0
16597.0
4313.0
10355.0
19121.0
17966.0
13417.0
4236.0
9873.0
16764.0
12026.0
10066.0
12374.0
15049.0
14354.0
18838.0
17443.0
975.0
19849.0
17641.0
4331.0
177.0
16103.0
14731.0
2755.0
14023.0
15049.0
8962.0
15065.0
15139.0
19867.0
1554.0
14393.0
6265.0
14043.0
16343.0
4983.0
9281.0
17430.0
3777.0
13737.0
11521.0
17264.0
8335.0
14541.0
6437.0
10536.0
6607.0
10194.0
11151.0
10717.0
19619.0
19081.0
12923.0
6366.0
9481.0
16767.0
8367.0
391.0
1892.0
10315.0
1580.0
4805.0
16558.0
7436.0
1339.0
14404.0
13089.0
691.0
15395.0
1615.0
7598.0
6585.0
3727.0
13925.0
16412.0
2701.0
6022.0
8501.0
2782.0
1006.0
1729.0
7501.0
7945.0
7536.0
6237.0
829.0
6676.0
3857.0
13750.0
821.0
18069.0
9006.0
18191.0
6319.0
17062.0
14887.0
5318.0
16817.0
9921.0
4558.0
11794.0
12704.0
119.0
14872.0
15154.0
17486.0
6140.0
18134.0
12385.0
424.0
16238.0
5649.0
7738.0
4944.0
18005.0
5813.0
7293.0
11257.0
17413.0
18187.0
8818.0
16362.0
408.0
18058.0
10722.0
1810.0
3250.0
12384.0
10481.0
1038.0
1096.0
9353.0
8246.0
8808.0
12717.0
2304.0
19894.0
5771.0
16184.0
14759.0
4319.0
14560.0
7293.0
17900.0
2222.0
81.0
14897.0
7883.0
3546.0
19303.0
13831.0
8746.0
2332.0
13460.0
17360.0
7534.0
3764.0
12881.0
7485.0
10738.0
18779.0
9484.0
10758.0
5906.0
7766.0
17909.0
16441.0
13049.0
3678.0
9970.0
17821.0
2380.0
15872.0
1480.0
1713.0
18659.0
12949.0
8045.0
6435.0
3597.0
19596.0
6924.0
11613.0
19505.0
6889.0
12313.0
6817.0
2033.0
129.0
9043.0
19016.0
2811.0
12277.0
19236.0
15429.0
19441.0
16316.0
1468.0
14000.0
11852.0
10096.0
5597.0
2923.0
4472.0
11993.0
2867.0
14410.0
19156.0
1123.0
16655.0
13952.0
2242.0
7969.0
18973.0
9830.0
14016.0
3596.0
17632.0
7263.0
12943.0
523.0
15067.0
8511.0
11595.0
10519.0
8104.0
8315.0
15575.0
19677.0
11351.0
19251.0
14712.0
13592.0
1133.0
2679.0
2710.0
3357.0
18076.0
9045.0
10401.0
6182.0
13358.0
9492.0
14998.0
19210.0
1205.0
14505.0
5794.0
12303.0
7835.0
16271.0
4999.0
4523.0
19894.0
997.0
8753.0
12999.0
19854.0
3976.0
9838.0
13149.0
19630.0
13810.0
12833.0
10211.0
13314.0
5529.0
18815.0
2189.0
15811.0
11155.0
17379.0
5345.0
6151.0
14066.0
6104.0
19504.0
18973.0
6285.0
1818.0
5509.0
9029.0
13835.0
17171.0
15003.0
3870.0
2681.0
16055.0
11151.0
7921.0
11016.0
12676.0
19302.0
15637.0
16207.0
16066.0
1872.0
14846.0
12305.0
3078.0
11923.0
1659.0
14171.0
838.0
3819.0
14594.0
16744.0
5527.0
11451.0
8201.0
7258.0
18837.0
571.0
4843.0
11840.0
6222.0
15327.0
2572.0
13856.0
7513.0
3035.0
8353.0
3068.0
15171.0
10601.0
10751.0
3954.0
10991.0
8057.0
1007.0
7370.0
15132.0
14608.0
3954.0
3468.0
6412.0
2550.0
12818.0
8042.0
7572.0
2540.0
727.0
12603.0
15487.0
11385.0
18035.0
12991.0
19715.0
8268.0
4534.0
11926.0
7068.0
19412.0
19056.0
12638.0
17315.0
12960.0
5842.0
14769.0
6789.0
10345.0
2703.0
13679.0
3944.0
10693.0
17657.0
4470.0
9269.0
8313.0
10289.0
6864.0
14281.0
5221.0
3044.0
3960.0
1298.0
5755.0
7952.0
8878.0
2290.0
18765.0
8975.0
1987.0
6277.0
18594.0
4299.0
9012.0
3835.0
19396.0
18857.0
18760.0
1144.0
14468.0
6099.0
88.0
4138.0
11360.0
8374.0
8254.0
4991.0
10575.0
1997.0
13093.0
13333.0
9459.0
5153.0
15891.0
12364.0
15399.0
3110.0
19793.0
6988.0
3311.0
11544.0
9054.0
1804.0
8432.0
13916.0
15092.0
18308.0
14411.0
666.0
16151.0
1013.0
8123.0
1915.0
10138.0
1003.0
9081.0
14815.0
16742.0
13310.0
6692.0
1224.0
2406.0
11767.0
6915.0
12345.0
11205.0
15900.0
19140.0
17991.0
15375.0
2698.0
428.0
12161.0
8073.0
19570.0
9528.0
1478.0
16476.0
7076.0
285.0
620.0
7241.0
4513.0
4624.0
10385.0
1497.0
6971.0
3816.0
13191.0
14414.0
6755.0
19526.0
18980.0
2295.0
14816.0
16527.0
823.0
7575.0
13128.0
10827.0
676.0
7912.0
8911.0
19384.0
12592.0
5909.0
16163.0
787.0
9651.0
7365.0
12337.0
15601.0
19732.0
13405.0
12464.0
4008.0
7827.0
7420.0
9996.0
17317.0
14893.0
1838.0
18694.0
4827.0
8421.0
15671.0
8325.0
4565.0
3464.0
55.0
3191.0
12655.0
63.0
7755.0
17357.0
6835.0
19509.0
16925.0
18661.0
2805.0
1314.0
3079.0
19328.0
14430.0
9606.0
9148.0
19271.0
15525.0
1505.0
5924.0
5044.0
1105.0
5296.0
15654.0
10698.0
8603.0
17756.0
6513.0
14169.0
1981.0
3617.0
2696.0
5549.0
7129.0
3027.0
9194.0
18369.0
2480.0
5643.0
14180.0
3862.0
11031.0
4999.0
8788.0
1291.0
19428.0
6563.0
3433.0
9151.0
15817.0
14171.0
18799.0
12145.0
2317.0
13716.0
8068.0
1922.0
570.0
8258.0
4977.0
9124.0
6927.0
1561.0
16864.0
9458.0
11862.0
12554.0
3177.0
12713.0
16008.0
17241.0
19326.0
14675.0
3573.0
15452.0
7657.0
15465.0
11166.0
26.0
12932.0
11479.0
1044.0
4755.0
19493.0
7677.0
12506.0
5031.0
72.0
11831.0
5554.0
5533.0
15340.0
12577.0
13949.0
2750.0
9892.0
299.0
12008.0
12979.0
1580.0
479.0
19885.0
6504.0
904.0
2793.0
8759.0
1113.0
10819.0
12795.0
14235.0
9468.0
13293.0
10736.0
7154.0
6389.0
215.0
2544.0
6080.0
17583.0
795.0
4746.0
1152.0
8479.0
4797.0
4470.0
16537.0
10661.0
15355.0
1825.0
2120.0
13312.0
1669.0
9196.0
19029.0
18389.0
10336.0
8415.0
12006.0
14866.0
15885.0
2967.0
9335.0
8555.0
5018.0
17876.0
9246.0
18625.0
14766.0
19682.0
1484.0
12856.0
9915.0
11386.0
3794.0
17719.0
593.0
12626.0
166.0
955.0
2521.0
17761.0
16173.0
11594.0
15492.0
16956.0
10239.0
17498.0
15178.0
17111.0
16128.0
4863.0
5312.0
15273.0
9938.0
3856.0
17295.0
11509.0
9350.0
10281.0
17386.0
8498.0
8273.0
11789.0
1120.0
17714.0
7384.0
3207.0
18095.0
16540.0
6387.0
16558.0
7376.0
19975.0
9064.0
8806.0
11131.0
16149.0
15141.0
8759.0
2649.0
5896.0
185.0
6626.0
14106.0
9517.0
19868.0
15515.0
12640.0
2796.0
13394.0
19878.0
18783.0
7782.0
1798.0
14201.0
4689.0
4334.0
9137.0
14305.0
14950.0
5572.0
15326.0
18325.0
10031.0
8370.0
19075.0
18574.0
14248.0
11716.0
7214.0
1412.0
11551.0
19646.0
4908.0
8958.0
9735.0
14888.0
13110.0
4852.0
8103.0
10370.0
3680.0
9419.0
19727.0
8266.0
17099.0
1000.0
2286.0
18124.0
6210.0
18638.0
11883.0
15929.0
8715.0
19243.0
11057.0
9258.0
12162.0
11056.0
3883.0
10068.0
9422.0
17794.0
7657.0
15479.0
19317.0
11916.0
6947.0
13592.0
11966.0
9046.0
7519.0
6504.0
3190.0
10565.0
16725.0
2290.0
15746.0
246.0
7718.0
973.0
3148.0
12059.0
2479.0
10677.0
11608.0
9469.0
15328.0
12856.0
4629.0
9958.0
15920.0
16017.0
902.0
11030.0
8688.0
286.0
10272.0
16149.0
7537.0
4917.0
18909.0
16207.0
11002.0
13797.0
11846.0
8879.0
8573.0
13023.0
38.0
3376.0
10318.0
13441.0
12732.0
15247.0
15573.0
1826.0
7567.0
8367.0
2713.0
18270.0
9929.0
9698.0
19446.0
2642.0
13899.0
751.0
15324.0
8450.0
13529.0
16941.0
16551.0
10093.0
16266.0
16461.0
17781.0
14811.0
9579.0
1087.0
10306.0
1615.0
19124.0
11622.0
13162.0
8431.0
16738.0
13738.0
9551.0
15156.0
18558.0
19092.0
12548.0
16124.0
5768.0
15186.0
16177.0
19115.0
791.0
18570.0
9494.0
9400.0
6901.0
2546.0
5379.0
18475.0
18236.0
13044.0
5105.0
16802.0
8299.0
18616.0
14869.0
10935.0
13041.0
14047.0
18079.0
7351.0
1765.0
1162.0
2886.0
14903.0
13255.0
2490.0
3542.0
2867.0
3665.0
10751.0
12960.0
17537.0
11819.0
5210.0
17100.0
1383.0
645.0
418.0
15696.0
17448.0
784.0
11875.0
2495.0
16265.0
4606.0
7760.0
10913.0
4411.0
12021.0
17430.0
359.0
1175.0
19374.0
10739.0
308.0
16209.0
12803.0
11842.0
14643.0
12081.0
499.0
1288.0
18791.0
7089.0
5784.0
14062.0
13871.0
6197.0
1359.0
17970.0
8476.0
11057.0
16285.0
13427.0
16484.0
11060.0
14141.0
10690.0
9413.0
8418.0
7972.0
16224.0
15858.0
15172.0
3424.0
13781.0
10685.0
7968.0
8462.0
8138.0
3768.0
11306.0
8503.0
18928.0
1027.0
487.0
53.0
5790.0
6445.0
4286.0
3197.0
16712.0
19274.0
12061.0
14813.0
9565.0
2461.0
16343.0
11706.0
8326.0
10581.0
10282.0
3298.0
9356.0
17308.0
5067.0
6860.0
13460.0
7046.0
3128.0
1605.0
15396.0
2546.0
11107.0
13990.0
9793.0
6035.0
3511.0
17018.0
11053.0
12018.0
10156.0
1103.0
16575.0
15624.0
870.0
3669.0
2305.0
4649.0
13516.0
137.0
15857.0
10410.0
707.0
9772.0
13047.0
5096.0
6759.0
18354.0
15883.0
13734.0
13456.0
12132.0
3491.0
3953.0
3309.0
4192.0
9179.0
17452.0
18445.0
13743.0
9851.0
14044.0
7714.0
7180.0
6589.0
7199.0
43.0
14724.0
902.0
1155.0
19459.0
11656.0
5291.0
12780.0
9783.0
304.0
7183.0
5996.0
17784.0
359.0
18645.0
3319.0
19580.0
15519.0
11916.0
13083.0
801.0
10713.0
8759.0
11161.0
1194.0
14064.0
4611.0
2732.0
17497.0
295.0
10692.0
796.0
12567.0
13249.0
12604.0
18106.0
10167.0
8639.0
19375.0
11455.0
13329.0
11068.0
16984.0
9866.0
16267.0
6418.0
13173.0
15997.0
6214.0
18261.0
13600.0
14929.0
1809.0
751.0
5728.0
8066.0
2172.0
16003.0
16175.0
8486.0
11402.0
17703.0
17200.0
12497.0
3701.0
7842.0
16949.0
15843.0
11143.0
10445.0
2490.0
11953.0
11724.0
18058.0
16704.0
499.0
12599.0
17818.0
11980.0
2873.0
6928.0
6335.0
17062.0
19808.0
11172.0
4050.0
11220.0
16606.0
13815.0
8874.0
10266.0
6451.0
263.0
10320.0
14690.0
3227.0
13037.0
11025.0
676.0
10546.0
13339.0
9572.0
12265.0
3241.0
2302.0
3552.0
11441.0
4709.0
9073.0
12707.0
19432.0
8937.0
17886.0
11886.0
3983.0
4138.0
4644.0
10650.0
7985.0
8981.0
13346.0
10892.0
5079.0
4723.0
2983.0
8648.0
1043.0
869.0
12853.0
2654.0
1611.0
154.0
9149.0
12762.0
8631.0
12825.0
2244.0
5317.0
12415.0
16366.0
6480.0
13918.0
4363.0
11657.0
10700.0
16622.0
3747.0
5217.0
10880.0
13532.0
983.0
3470.0
10778.0
17917.0
1227.0
11276.0
6210.0
3923.0
7719.0
8316.0
19396.0
19211.0
4294.0
7035.0
14999.0
15957.0
19070.0
5145.0
5714.0
6427.0
11394.0
19810.0
14176.0
1767.0
15020.0
17771.0
8650.0
7820.0
7827.0
5282.0
16294.0
1934.0
11419.0
3040.0
10671.0
3653.0
18812.0
16628.0
1182.0
1102.0
11603.0
11198.0
6688.0
19717.0
10363.0
13018.0
18211.0
17250.0
850.0
19514.0
11811.0
19684.0
13935.0
7639.0
3982.0
6638.0
15057.0
16767.0
16819.0
18201.0
4615.0
8551.0
16421.0
18489.0
5557.0
3638.0
4970.0
14240.0
19361.0
2928.0
7210.0
6295.0
9355.0
3011.0
13468.0
7085.0
8311.0
4873.0
19449.0
17816.0
14827.0
11873.0
18802.0
2972.0
4544.0
17455.0
14291.0
2324.0
2785.0
15658.0
60.0
9586.0
8746.0
10902.0
14985.0
9360.0
2520.0
18757.0
3464.0
10877.0
1393.0
9049.0
9809.0
1782.0
11088.0
16067.0
16220.0
5692.0
19685.0
11449.0
4152.0
12783.0
2866.0
8331.0
5670.0
11550.0
9205.0
11426.0
5478.0
17924.0
5912.0
17271.0
11899.0
2105.0
10951.0
5940.0
9081.0
298.0
14085.0
15339.0
6803.0
2085.0
18767.0
18572.0
13753.0
6674.0
5952.0
13341.0
2721.0
185.0
5470.0
12623.0
16991.0
19053.0
11307.0
2397.0
3345.0
13462.0
545.0
5797.0
13144.0
7145.0
18354.0
5843.0
8820.0
432.0
13865.0
9498.0
14784.0
8165.0
3930.0
9108.0
13441.0
4236.0
2248.0
15796.0
4851.0
13555.0
6258.0
7328.0
13066.0
19656.0
18418.0
10454.0
17393.0
9432.0
17690.0
6586.0
13253.0
265.0
13317.0
15706.0
754.0
13957.0
699.0
13209.0
824.0
2506.0
8469.0
15401.0
9958.0
16821.0
6594.0
3750.0
17257.0
224.0
3808.0
18577.0
15028.0
10410.0
16032.0
246.0
4068.0
15478.0
19093.0
12556.0
7663.0
9034.0
3792.0
4177.0
10634.0
8607.0
10743.0
3970.0
3863.0
3673.0
16215.0
11815.0
12244.0
168.0
18310.0
10680.0
7111.0
14077.0
13107.0
11000.0
16408.0
13823.0
13465.0
16820.0
18259.0
18210.0
12071.0
8097.0
18577.0
517.0
768.0
9889.0
1746.0
8427.0
11581.0
3640.0
12226.0
3789.0
9977.0
6177.0
3707.0
19661.0
7359.0
9910.0
14902.0
16253.0
8815.0
9118.0
14497.0
6974.0
246.0
10104.0
2086.0
4332.0
2340.0
18693.0
14721.0
7786.0
5677.0
17439.0
19758.0
14797.0
12919.0
18554.0
10470.0
5272.0
4917.0
15056.0
374.0
8671.0
10842.0
10253.0
4371.0
18042.0
5268.0
6105.0
13342.0
9457.0
6529.0
11021.0
2636.0
8782.0
4300.0
10922.0
4288.0
17053.0
8737.0
3054.0
17388.0
16023.0
5858.0
3303.0
2698.0
15559.0
11124.0
10263.0
4069.0
1681.0
17186.0
16225.0
7313.0
10215.0
16894.0
6591.0
7642.0
9753.0
6608.0
3056.0
7172.0
12081.0
15407.0
13754.0
12456.0
10095.0
179.0
18675.0
11036.0
6637.0
16739.0
5530.0
12088.0
15242.0
19432.0
3842.0
3806.0
6631.0
2322.0
19942.0
9699.0
10098.0
2317.0
7013.0
17539.0
6508.0
2088.0
9880.0
16630.0
5784.0
16606.0
16896.0
10983.0
16945.0
10105.0
13713.0
2480.0
12261.0
16851.0
3739.0
9803.0
16912.0
3538.0
16863.0
9064.0
17180.0
17539.0
10635.0
16909.0
16461.0
11900.0
14305.0
10851.0
672.0
19599.0
8880.0
18725.0
5926.0
9869.0
9465.0
17285.0
19308.0
6731.0
19878.0
4951.0
7983.0
17495.0
10856.0
7260.0
10488.0
5251.0
5468.0
19385.0
6820.0
11876.0
10497.0
8730.0
12902.0
5856.0
1739.0
17305.0
17246.0
17351.0
19159.0
2734.0
11743.0
9214.0
12062.0
13278.0
8298.0
19125.0
11263.0
7695.0
11299.0
13870.0
7055.0
8617.0
7239.0
6073.0
4060.0
2212.0
19988.0
6083.0
8801.0
1590.0
6367.0
16426.0
19375.0
16019.0
18335.0
823.0
7866.0
5381.0
2911.0
7055.0
7965.0
1219.0
4643.0
10271.0
325.0
13390.0
8089.0
18274.0
18859.0
3596.0
2485.0
8623.0
1987.0
17037.0
12966.0
12824.0
10030.0
14590.0
17243.0
8378.0
18409.0
2365.0
13557.0
6873.0
9077.0
4493.0
16170.0
8777.0
2723.0
17835.0
15278.0
15205.0
2523.0
19160.0
5242.0
2554.0
16429.0
13892.0
1950.0
15154.0
6299.0
16862.0
13350.0
9903.0
5558.0
11884.0
9849.0
1369.0
17928.0
1092.0
2813.0
3970.0
12115.0
7462.0
14311.0
6775.0
13816.0
13606.0
15319.0
5100.0
10868.0
18711.0
11874.0
3322.0
11385.0
19718.0
11448.0
2301.0
6555.0
5635.0
18424.0
2736.0
13088.0
1933.0
841.0
649.0
7629.0
12486.0
7484.0
2359.0
3644.0
9715.0
15136.0
18645.0
7107.0
8629.0
3289.0
10035.0
3949.0
19642.0
16147.0
6582.0
14203.0
7713.0
566.0
16527.0
3553.0
4132.0
13806.0
17758.0
12329.0
13834.0
16910.0
19202.0
11218.0
7358.0
12786.0
6185.0
6316.0
202.0
16325.0
2558.0
17336.0
11937.0
16984.0
19170.0
14829.0
2903.0
158.0
8768.0
6949.0
651.0
18738.0
6464.0
1548.0
17179.0
6830.0
440.0
709.0
16585.0
12324.0
8266.0
19801.0
10998.0
5439.0
3637.0
8797.0
3377.0
8575.0
6441.0
10218.0
5293.0